,fx,fy,fz,rx,ry,rz,svm
0,-0.03515625,-0.44140625,-0.87890625,2.685546875,0.732421875,-0.48828125,0.9841502099487596
1,-0.03515625,-0.4375,-0.8828125,2.685546875,0.732421875,-0.48828125,0.985900665417319
2,-0.03125,-0.4375,-0.90234375,2.62451171875,0.67138671875,-0.48828125,1.0032980891360566
3,-0.03515625,-0.4453125,-0.89453125,2.685546875,0.48828125,-0.42724609375,0.9998626614675012
4,-0.03515625,-0.44140625,-0.8984375,2.685546875,0.48828125,-0.3662109375,1.0016313597623503
5,-0.02734375,-0.45703125,-0.87890625,2.74658203125,0.3662109375,-0.3662109375,0.9910103129784712
6,-0.01953125,-0.4375,-0.890625,2.8076171875,0.30517578125,-0.3662109375,0.9924719695545877
7,-0.02734375,-0.44921875,-0.8984375,2.86865234375,0.244140625,-0.30517578125,1.004855764486563
8,-0.03125,-0.4375,-0.8828125,3.0517578125,0.1220703125,-0.3662109375,0.9857691021006136
9,-0.04296875,-0.44921875,-0.890625,2.99072265625,0.06103515625,-0.30517578125,0.9984271077315183
10,-0.03125,-0.43359375,-0.87890625,3.0517578125,-0.06103515625,-0.3662109375,0.9805387798695802
11,-0.01953125,-0.43359375,-0.8984375,2.99072265625,-0.244140625,-0.3662109375,0.9977850225233265
12,-0.01953125,-0.4453125,-0.91015625,2.8076171875,-0.3662109375,-0.3662109375,1.0134441730045494
13,-0.01953125,-0.4375,-0.890625,2.685546875,-0.30517578125,-0.30517578125,0.9924719695545877
14,-0.03125,-0.4453125,-0.89453125,2.50244140625,-0.42724609375,-0.18310546875,0.9997329355296906
15,-0.0234375,-0.43359375,-0.91796875,2.3193359375,-0.42724609375,-0.1220703125,1.0154897746515594
16,-0.0390625,-0.4375,-0.88671875,2.13623046875,-0.3662109375,-0.1220703125,0.9895464973955557
17,-0.0390625,-0.4375,-0.87109375,2.01416015625,-0.30517578125,-0.06103515625,0.975569807956003
18,-0.046875,-0.4375,-0.88671875,1.89208984375,-0.244140625,-0.06103515625,0.9898856788672935
19,-0.0390625,-0.44921875,-0.88671875,1.708984375,-0.244140625,0.18310546875,0.9947831451423848
20,-0.046875,-0.44140625,-0.890625,1.46484375,-0.30517578125,0.30517578125,0.9951128748986532
21,-0.046875,-0.44921875,-0.87109375,1.3427734375,-0.42724609375,0.3662109375,0.9812232530192224
22,-0.046875,-0.45703125,-0.88671875,1.3427734375,-0.42724609375,0.42724609375,0.9986716030323106
23,-0.05859375,-0.453125,-0.890625,1.3427734375,-0.48828125,0.54931640625,1.0009837080537638
24,-0.0546875,-0.4453125,-0.89453125,1.46484375,-0.54931640625,0.54931640625,1.0007397776340574
25,-0.0625,-0.44140625,-0.90625,1.8310546875,-0.732421875,0.48828125,1.0099677173251937
26,-0.04296875,-0.45703125,-0.8984375,2.0751953125,-0.8544921875,0.48828125,1.0089171513852735
27,-0.0625,-0.4375,-0.8984375,2.44140625,-0.9765625,0.48828125,1.0012504389043981
28,-0.0546875,-0.45703125,-0.89453125,2.8076171875,-1.0986328125,0.42724609375,1.0060091666378468
29,-0.05078125,-0.44140625,-0.9140625,3.11279296875,-1.220703125,0.3662109375,1.0163308845040944
30,-0.04296875,-0.4375,-0.90234375,3.47900390625,-1.220703125,0.42724609375,1.0037314414925065
31,-0.0390625,-0.44140625,-0.875,3.72314453125,-1.220703125,0.244140625,0.9808110707191842
32,-0.04296875,-0.4375,-0.890625,3.96728515625,-1.0986328125,0.244140625,0.9932096727788964
33,-0.03515625,-0.44921875,-0.875,4.21142578125,-1.0986328125,0.18310546875,0.9842044743170115
34,-0.02734375,-0.44140625,-0.87890625,4.39453125,-0.9765625,0.18310546875,0.9839021061529382
35,-0.04296875,-0.44921875,-0.890625,4.57763671875,-0.79345703125,0.30517578125,0.9984271077315183
36,-0.03125,-0.4453125,-0.88671875,4.69970703125,-0.67138671875,0.244140625,0.9927486725036768
37,-0.0390625,-0.4609375,-0.87109375,4.8828125,-0.42724609375,0.244140625,0.9863029854469479
38,-0.05078125,-0.453125,-0.87890625,5.0048828125,-0.30517578125,0.30517578125,0.9901399887216075
39,-0.0390625,-0.44921875,-0.890625,4.94384765625,-0.1220703125,0.30517578125,0.9982666251472161
40,-0.0390625,-0.44921875,-0.8984375,5.0048828125,0.0,0.3662109375,1.0052429087857633
41,-0.04296875,-0.44921875,-0.89453125,5.06591796875,-0.1220703125,0.42724609375,1.0019131479597858
42,-0.0546875,-0.45703125,-0.890625,5.18798828125,-0.1220703125,0.42724609375,1.0025373692575317
43,-0.05078125,-0.4453125,-0.88671875,5.126953125,-0.30517578125,0.54931640625,0.9935552826135922
44,-0.0625,-0.46484375,-0.89453125,5.126953125,-0.42724609375,0.732421875,1.0100357019138606
45,-0.05859375,-0.44140625,-0.8984375,5.18798828125,-0.67138671875,0.732421875,1.0027276033322186
46,-0.05859375,-0.453125,-0.8828125,5.2490234375,-0.79345703125,0.8544921875,0.9940389345092638
47,-0.0625,-0.44921875,-0.8828125,5.18798828125,-0.91552734375,0.79345703125,0.9925027181362339
48,-0.06640625,-0.4609375,-0.88671875,5.18798828125,-0.91552734375,0.8544921875,1.0015704221605564
49,-0.06640625,-0.44140625,-0.859375,5.126953125,-0.91552734375,0.732421875,0.9683876590514384
50,-0.05859375,-0.44921875,-0.87890625,5.06591796875,-0.8544921875,0.6103515625,0.9887906295974328
51,-0.046875,-0.44140625,-0.875,5.06591796875,-0.732421875,0.54931640625,0.9811532720039527
52,-0.03125,-0.4453125,-0.8671875,4.94384765625,-0.6103515625,0.42724609375,0.9753429885494128
53,-0.05078125,-0.4453125,-0.87890625,4.82177734375,-0.42724609375,0.30517578125,0.9865891517226788
54,-0.05078125,-0.44921875,-0.88671875,4.69970703125,-0.30517578125,0.30517578125,0.9953121933869229
55,-0.046875,-0.44140625,-0.890625,4.57763671875,-0.18310546875,0.3662109375,0.9951128748986532
56,-0.0390625,-0.45703125,-0.88671875,4.57763671875,-0.06103515625,0.42724609375,0.9983354065565214
57,-0.04296875,-0.4453125,-0.875,4.5166015625,-0.1220703125,0.42724609375,0.9827382846581344
58,-0.03125,-0.453125,-0.8671875,4.45556640625,-0.06103515625,0.30517578125,0.9789346190023367
59,-0.03515625,-0.45703125,-0.8984375,4.45556640625,-0.1220703125,0.18310546875,1.0086146274949988
60,-0.04296875,-0.453125,-0.875,4.45556640625,-0.18310546875,0.06103515625,0.9863029854469479
61,-0.05078125,-0.44921875,-0.8828125,4.45556640625,-0.244140625,0.06103515625,0.9918337213764085
62,-0.04296875,-0.4375,-0.890625,4.5166015625,-0.30517578125,0.0,0.9932096727788964
63,-0.0546875,-0.4453125,-0.890625,4.45556640625,-0.3662109375,-0.06103515625,0.9972496357169052
64,-0.046875,-0.44140625,-0.87109375,4.5166015625,-0.42724609375,0.0,0.9776712455898071
65,-0.03515625,-0.45703125,-0.88671875,4.5166015625,-0.3662109375,-0.06103515625,0.9981901958004734
66,-0.03515625,-0.45703125,-0.8984375,4.69970703125,-0.30517578125,0.0,1.0086146274949988
67,-0.05078125,-0.4375,-0.8984375,4.82177734375,-0.30517578125,-0.06103515625,1.0005872909235918
68,-0.046875,-0.4375,-0.890625,4.94384765625,-0.244140625,0.0,0.9933863328282708
69,-0.05078125,-0.44140625,-0.88671875,5.06591796875,-0.18310546875,0.06103515625,0.9918106444741291
70,-0.0546875,-0.44140625,-0.88671875,5.2490234375,-0.18310546875,0.1220703125,0.9920183172688269
71,-0.04296875,-0.44921875,-0.88671875,5.37109375,-0.1220703125,0.1220703125,0.994944189605471
72,-0.0546875,-0.4453125,-0.890625,5.4931640625,-0.18310546875,0.06103515625,0.9972496357169052
73,-0.046875,-0.4453125,-0.89453125,5.615234375,-0.1220703125,0.1220703125,1.0003432638388747
74,-0.046875,-0.4453125,-0.8828125,5.7373046875,-0.06103515625,0.1220703125,0.9898779714881527
75,-0.046875,-0.44921875,-0.89453125,5.859375,0.0,0.1220703125,1.002088273658127
76,-0.046875,-0.4453125,-0.87890625,5.92041015625,0.0,0.18310546875,0.9863958052274515
77,-0.05078125,-0.44921875,-0.8984375,5.92041015625,0.18310546875,0.1220703125,1.0057664550527499
78,-0.0546875,-0.44140625,-0.890625,6.103515625,0.1220703125,0.06103515625,0.9955114719682102
79,-0.05859375,-0.4375,-0.88671875,6.103515625,0.244140625,0.0,0.9905097774078886
80,-0.05078125,-0.4375,-0.875,6.16455078125,0.18310546875,-0.1220703125,0.9795968483777204
81,-0.05078125,-0.44140625,-0.87109375,6.16455078125,0.18310546875,-0.06103515625,0.9778663171311749
82,-0.05078125,-0.44921875,-0.87109375,6.16455078125,0.30517578125,-0.1220703125,0.9814176185458398
83,-0.046875,-0.4453125,-0.8828125,6.103515625,0.3662109375,-0.244140625,0.9898779714881527
84,-0.04296875,-0.44140625,-0.89453125,6.103515625,0.3662109375,-0.30517578125,0.9984347491159287
85,-0.05078125,-0.4453125,-0.87890625,5.9814453125,0.42724609375,-0.244140625,0.9865891517226788
86,-0.05859375,-0.4375,-0.8828125,5.9814453125,0.54931640625,-0.18310546875,0.9870143806932665
87,-0.06640625,-0.4453125,-0.90625,5.9814453125,0.54931640625,-0.244140625,1.011929876619577
88,-0.05078125,-0.453125,-0.87890625,5.859375,0.6103515625,-0.244140625,0.9901399887216075
89,-0.05078125,-0.453125,-0.88671875,5.7373046875,0.67138671875,-0.3662109375,0.9970813119190054
90,-0.06640625,-0.453125,-0.8828125,5.615234375,0.732421875,-0.18310546875,0.9945300225836887
91,-0.046875,-0.4609375,-0.875,5.55419921875,0.67138671875,-0.30517578125,0.9900937554248335
92,-0.0625,-0.45703125,-0.89453125,5.43212890625,0.732421875,-0.48828125,1.0064640931017486
93,-0.05078125,-0.44921875,-0.87890625,5.37109375,0.732421875,-0.42724609375,0.9883584456016893
94,-0.0546875,-0.4453125,-0.87890625,5.31005859375,0.79345703125,-0.42724609375,0.986797923387338
95,-0.05078125,-0.453125,-0.890625,5.18798828125,0.67138671875,-0.3662109375,1.0005567907927877
96,-0.046875,-0.45703125,-0.8828125,5.126953125,0.732421875,-0.3662109375,0.995204873007469
97,-0.046875,-0.44921875,-0.875,5.126953125,0.732421875,-0.244140625,0.9846927190634459
98,-0.04296875,-0.46484375,-0.8828125,5.0048828125,0.8544921875,-0.244140625,0.998641044393267
99,-0.0390625,-0.45703125,-0.8828125,5.0048828125,0.79345703125,-0.18310546875,0.9948675050171568
100,-0.06640625,-0.44921875,-0.8984375,5.0048828125,0.732421875,-0.18310546875,1.0066763217623007
101,-0.0546875,-0.4609375,-0.87890625,5.06591796875,0.79345703125,-0.1220703125,0.9939468284830746
102,-0.0390625,-0.46875,-0.875,5.2490234375,0.79345703125,-0.06103515625,0.9934170531082351
103,-0.0625,-0.48828125,-0.92578125,5.37109375,0.79345703125,0.0,1.0485207446460585
104,-0.05859375,-0.47265625,-0.875,5.4931640625,0.8544921875,0.0,0.996223949824097
105,-0.05078125,-0.46875,-0.87109375,5.615234375,0.732421875,0.0,0.9905097774078886
106,-0.05078125,-0.46875,-0.87890625,5.79833984375,0.79345703125,0.06103515625,0.997387334058652
107,-0.046875,-0.47265625,-0.88671875,6.04248046875,0.732421875,0.1220703125,1.0059181566562088
108,-0.05078125,-0.46484375,-0.86328125,6.2255859375,0.67138671875,0.06103515625,0.9817906924936636
109,-0.05078125,-0.46875,-0.890625,6.4697265625,0.67138671875,0.0,1.007729223788098
110,-0.05078125,-0.46875,-0.8671875,6.65283203125,0.67138671875,-0.1220703125,0.9870762169193483
111,-0.04296875,-0.47265625,-0.87890625,6.89697265625,0.6103515625,-0.1220703125,0.9988625733451462
112,-0.0546875,-0.46484375,-0.87890625,7.14111328125,0.67138671875,-0.06103515625,0.9957643450432311
113,-0.07421875,-0.46875,-0.88671875,7.32421875,0.67138671875,-0.06103515625,1.0057361119862034
114,-0.05078125,-0.4765625,-0.87109375,7.62939453125,0.67138671875,-0.1220703125,0.9942307946583001
115,-0.05859375,-0.48046875,-0.890625,7.87353515625,0.67138671875,-0.244140625,1.0136549402487145
116,-0.046875,-0.46875,-0.8828125,8.056640625,0.67138671875,-0.244140625,1.0006406639154988
117,-0.0546875,-0.4609375,-0.89453125,8.23974609375,0.67138671875,-0.244140625,1.0077897889882903
118,-0.0546875,-0.46484375,-0.87109375,8.30078125,0.732421875,-0.30517578125,0.9888755006872073
119,-0.03125,-0.484375,-0.8828125,8.48388671875,0.79345703125,-0.30517578125,1.0074490623754881
120,-0.03515625,-0.46484375,-0.87109375,8.544921875,0.79345703125,-0.3662109375,0.9879878517052664
121,-0.05078125,-0.48046875,-0.87890625,8.72802734375,0.91552734375,-0.42724609375,1.0029482296545458
122,-0.05078125,-0.48046875,-0.86328125,8.72802734375,0.9765625,-0.48828125,0.9892843229727678
123,-0.0546875,-0.4765625,-0.87890625,8.72802734375,1.03759765625,-0.3662109375,1.0012885375113223
124,-0.0390625,-0.48828125,-0.8515625,8.7890625,1.0986328125,-0.48828125,0.9823966354859235
125,-0.02734375,-0.48046875,-0.8671875,8.85009765625,1.0986328125,-0.42724609375,0.9917721817770828
126,-0.05078125,-0.46875,-0.8671875,8.7890625,1.15966796875,-0.42724609375,0.9870762169193483
127,-0.05078125,-0.46875,-0.8828125,8.72802734375,1.15966796875,-0.42724609375,1.0008312585085521
128,-0.0546875,-0.4609375,-0.859375,8.6669921875,1.0986328125,-0.42724609375,0.9767187375019996
129,-0.05078125,-0.47265625,-0.859375,8.60595703125,1.0986328125,-0.42724609375,0.9820937107224672
130,-0.0625,-0.4609375,-0.87109375,8.72802734375,0.9765625,-0.48828125,0.987508962083541
131,-0.06640625,-0.46875,-0.85546875,8.72802734375,0.9765625,-0.48828125,0.9777336727174865
132,-0.0546875,-0.47265625,-0.87890625,8.48388671875,0.79345703125,-0.48828125,0.9994352653420706
133,-0.046875,-0.46484375,-0.875,8.30078125,0.732421875,-0.48828125,0.9919183320914391
134,-0.0703125,-0.46875,-0.8671875,7.9345703125,0.67138671875,-0.6103515625,0.9882735301081882
135,-0.0546875,-0.4453125,-0.859375,7.62939453125,0.6103515625,-0.6103515625,0.9694427966298476
136,-0.05859375,-0.46484375,-0.8671875,7.50732421875,0.48828125,-0.54931640625,0.9856607426540711
137,-0.046875,-0.4765625,-0.86328125,7.50732421875,0.48828125,-0.48828125,0.9871998777516195
138,-0.0625,-0.46875,-0.8671875,7.568359375,0.3662109375,-0.48828125,0.9877484359168837
139,-0.06640625,-0.46875,-0.87109375,7.568359375,0.3662109375,-0.6103515625,0.9914336457010752
140,-0.0390625,-0.46875,-0.87109375,7.568359375,0.3662109375,-0.67138671875,0.9899781627365891
141,-0.046875,-0.47265625,-0.87109375,7.32421875,0.54931640625,-0.79345703125,0.9921721209438032
142,-0.05078125,-0.4609375,-0.8671875,7.26318359375,0.54931640625,-0.9765625,0.9833901943857598
143,-0.02734375,-0.44921875,-0.85546875,7.26318359375,0.67138671875,-1.0986328125,0.9666291679036938
144,-0.03125,-0.46875,-0.86328125,7.2021484375,0.8544921875,-1.3427734375,0.9828314410933151
145,-0.046875,-0.4453125,-0.86328125,7.2021484375,1.15966796875,-1.28173828125,0.9724993598367109
146,-0.046875,-0.4609375,-0.8671875,7.2021484375,1.46484375,-1.220703125,0.9831962188126538
147,-0.046875,-0.45703125,-0.8671875,7.080078125,1.5869140625,-1.03759765625,0.9813709743302033
148,-0.05859375,-0.46484375,-0.85546875,6.8359375,1.77001953125,-0.8544921875,0.9753664550719835
149,-0.05078125,-0.46875,-0.8515625,6.65283203125,1.8310546875,-0.8544921875,0.973377619045051
150,-0.0625,-0.48046875,-0.87109375,6.34765625,1.8310546875,-0.79345703125,0.9967751958268348
151,-0.06640625,-0.48046875,-0.86328125,6.103515625,1.77001953125,-0.6103515625,0.9902093346192953
152,-0.0546875,-0.48828125,-0.89453125,5.859375,1.5869140625,-0.6103515625,1.0205858410659905
153,-0.05859375,-0.484375,-0.875,5.67626953125,1.40380859375,-0.6103515625,1.0018369968034033
154,-0.06640625,-0.47265625,-0.87890625,5.4931640625,1.28173828125,-0.6103515625,1.0001449479911337
155,-0.0390625,-0.48828125,-0.8671875,5.43212890625,1.15966796875,-0.6103515625,0.9959711934408859
156,-0.046875,-0.48828125,-0.8984375,5.55419921875,1.15966796875,-0.732421875,1.0236238499237953
157,-0.06640625,-0.47265625,-0.8828125,5.4931640625,1.220703125,-0.67138671875,1.0035794093440613
158,-0.04296875,-0.48828125,-0.8828125,5.615234375,1.28173828125,-0.732421875,1.0097637360959122
159,-0.01953125,-0.4921875,-0.88671875,5.615234375,1.46484375,-0.732421875,1.0143471528448114
160,-0.0390625,-0.48828125,-0.875,5.7373046875,1.708984375,-0.67138671875,1.0027808624060455
161,-0.03125,-0.484375,-0.87109375,5.859375,1.89208984375,-0.732421875,0.9971960812267878
162,-0.0234375,-0.49609375,-0.8515625,6.16455078125,2.197265625,-0.67138671875,0.9858077990164018
163,-0.03515625,-0.48828125,-0.86328125,6.4697265625,2.44140625,-0.79345703125,0.9924258448958226
164,-0.02734375,-0.5,-0.87109375,6.9580078125,2.62451171875,-0.79345703125,1.0047646500316008
165,-0.02734375,-0.5,-0.86328125,7.50732421875,2.86865234375,-0.732421875,0.9979990968260567
166,-0.03125,-0.49609375,-0.84765625,8.056640625,2.99072265625,-0.732421875,0.9826528835011502
167,-0.02734375,-0.4921875,-0.84765625,8.60595703125,3.0517578125,-0.732421875,0.9805699026506856
168,-0.0546875,-0.5,-0.8515625,9.09423828125,3.0517578125,-0.79345703125,0.9890143649424411
169,-0.0390625,-0.49609375,-0.85546875,9.33837890625,2.9296875,-0.732421875,0.9896775585623203
170,-0.02734375,-0.49609375,-0.84765625,9.521484375,2.86865234375,-0.8544921875,0.9825364154153207
171,-0.04296875,-0.484375,-0.8515625,9.6435546875,2.685546875,-0.8544921875,0.9806243651408079
172,-0.04296875,-0.48828125,-0.859375,9.58251953125,2.50244140625,-0.8544921875,0.9893383057393083
173,-0.046875,-0.48046875,-0.85546875,9.521484375,2.44140625,-0.91552734375,0.9822801370169942
174,-0.046875,-0.484375,-0.83984375,9.27734375,2.38037109375,-1.03759765625,0.9706461408072782
175,-0.04296875,-0.47265625,-0.85546875,8.97216796875,2.38037109375,-1.03759765625,0.9783031362349747
176,-0.0390625,-0.484375,-0.87890625,8.48388671875,2.44140625,-1.220703125,1.004301357073818
177,-0.03125,-0.49609375,-0.85546875,7.9345703125,2.44140625,-1.15966796875,0.9893999967230771
178,-0.04296875,-0.48828125,-0.85546875,7.38525390625,2.38037109375,-1.03759765625,0.9859470953376187
179,-0.046875,-0.50390625,-0.859375,6.8359375,2.38037109375,-0.8544921875,0.9973184872642553
180,-0.05078125,-0.4921875,-0.88671875,6.28662109375,2.38037109375,-0.8544921875,1.0154296687163396
181,-0.046875,-0.4921875,-0.86328125,5.7373046875,2.3193359375,-0.67138671875,0.9948368295267382
182,-0.046875,-0.4921875,-0.87890625,5.31005859375,2.197265625,-0.42724609375,1.008425503976527
183,-0.0546875,-0.4765625,-0.87890625,4.94384765625,1.89208984375,-0.30517578125,1.0012885375113223
184,-0.05078125,-0.5,-0.86328125,4.7607421875,1.5869140625,-0.1220703125,0.9989160384902852
185,-0.046875,-0.48046875,-0.86328125,4.33349609375,1.3427734375,-0.06103515625,0.9890915033267271
186,-0.0546875,-0.484375,-0.875,4.0283203125,1.15966796875,0.1220703125,1.0016161257094707
187,-0.0546875,-0.484375,-0.8671875,3.60107421875,0.91552734375,0.18310546875,0.994798483833535
188,-0.05078125,-0.48046875,-0.85546875,3.173828125,0.732421875,0.18310546875,0.9824742934574358
189,-0.0546875,-0.4765625,-0.84765625,2.86865234375,0.48828125,0.0,0.9739731296224565
190,-0.05078125,-0.48828125,-0.859375,2.5634765625,0.3662109375,0.0,0.9897083939616381
191,-0.0546875,-0.484375,-0.86328125,2.50244140625,0.244140625,-0.06103515625,0.9913951683777829
192,-0.046875,-0.484375,-0.859375,2.44140625,0.18310546875,-0.1220703125,0.9875939433162801
193,-0.05078125,-0.48828125,-0.83984375,2.50244140625,0.18310546875,-0.244140625,0.9727974295130448
194,-0.0625,-0.4921875,-0.84765625,2.685546875,0.244140625,-0.18310546875,0.9821791604999123
195,-0.05078125,-0.48046875,-0.86328125,2.685546875,0.3662109375,-0.1220703125,0.9892843229727678
196,-0.06640625,-0.48046875,-0.84375,2.74658203125,0.3662109375,-0.1220703125,0.9732286844650773
197,-0.078125,-0.4921875,-0.84375,2.62451171875,0.3662109375,-0.1220703125,0.9799316880687399
198,-0.05859375,-0.48828125,-0.84765625,2.5634765625,0.244140625,-0.1220703125,0.9799861860274804
199,-0.0625,-0.48828125,-0.859375,2.44140625,0.30517578125,-0.18310546875,0.990378826372294
200,-0.05078125,-0.48046875,-0.85546875,2.25830078125,0.18310546875,-0.06103515625,0.9824742934574358
201,-0.08203125,-0.51171875,-0.84765625,2.0751953125,0.1220703125,-0.1220703125,0.9935322456982398
202,-0.05859375,-0.48828125,-0.8671875,1.953125,0.06103515625,-0.1220703125,0.9969282656223942
203,-0.05859375,-0.48828125,-0.86328125,1.77001953125,-0.06103515625,-0.18310546875,0.9935322456982398
204,-0.05078125,-0.48828125,-0.8671875,1.5869140625,-0.1220703125,-0.244140625,0.9964996109429121
205,-0.0546875,-0.47265625,-0.86328125,1.40380859375,-0.18310546875,-0.42724609375,0.9857226637964022
206,-0.05078125,-0.48828125,-0.86328125,1.3427734375,-0.06103515625,-0.48828125,0.9931021251888889
207,-0.04296875,-0.484375,-0.86328125,1.15966796875,-0.06103515625,-0.48828125,0.9908178292214593
208,-0.046875,-0.47265625,-0.86328125,1.0986328125,0.0,-0.48828125,0.9853201068133264
209,-0.05078125,-0.48046875,-0.87109375,1.0986328125,0.1220703125,-0.48828125,0.9961090685096625
210,-0.03125,-0.484375,-0.8671875,0.9765625,0.244140625,-0.42724609375,0.9937856223961232
211,-0.0390625,-0.47265625,-0.84765625,0.91552734375,0.30517578125,-0.3662109375,0.971314021176661
212,-0.0546875,-0.48046875,-0.8671875,0.91552734375,0.48828125,-0.18310546875,0.9929023630443542
213,-0.05859375,-0.48046875,-0.85546875,0.8544921875,0.54931640625,-0.1220703125,0.9829090647115772
214,-0.04296875,-0.4921875,-0.87109375,0.91552734375,0.54931640625,0.0,1.001448535832908
215,-0.0625,-0.48828125,-0.8671875,0.8544921875,0.54931640625,0.0,0.9971654773696352
216,-0.0546875,-0.484375,-0.85546875,0.8544921875,0.42724609375,0.0,0.984599738730319
217,-0.046875,-0.5,-0.859375,0.8544921875,0.30517578125,-0.1220703125,0.9953505192895616
218,-0.04296875,-0.49609375,-0.85546875,0.8544921875,0.1220703125,0.0,0.9898394336922466
219,-0.05078125,-0.4921875,-0.84765625,0.8544921875,0.0,-0.244140625,0.9815031271839509
220,-0.0546875,-0.4921875,-0.87109375,0.9765625,0.0,-0.3662109375,1.0020197498560408
221,-0.0546875,-0.48828125,-0.875,1.03759765625,-0.06103515625,-0.48828125,1.0035109873627754
222,-0.0546875,-0.4921875,-0.8515625,1.220703125,-0.1220703125,-0.67138671875,0.9850877875695901
223,-0.046875,-0.484375,-0.859375,1.46484375,-0.1220703125,-0.91552734375,0.9875939433162801
224,-0.06640625,-0.48828125,-0.87109375,1.77001953125,-0.06103515625,-0.8544921875,1.0008160122768257
225,-0.046875,-0.49609375,-0.87109375,1.953125,0.0,-1.03759765625,1.0035490001505283
226,-0.0625,-0.48828125,-0.86328125,2.13623046875,0.06103515625,-1.0986328125,0.9937702680716127
227,-0.0546875,-0.47265625,-0.8515625,2.25830078125,0.18310546875,-1.220703125,0.9754759580464105
228,-0.0390625,-0.48828125,-0.859375,2.25830078125,0.30517578125,-1.220703125,0.9891763486016093
229,-0.05078125,-0.484375,-0.8515625,2.197265625,0.42724609375,-1.15966796875,0.980997740763358
230,-0.0546875,-0.484375,-0.85546875,2.0751953125,0.48828125,-1.220703125,0.984599738730319
231,-0.046875,-0.484375,-0.875,1.89208984375,0.6103515625,-1.15966796875,1.0012199589750497
232,-0.04296875,-0.48046875,-0.87109375,1.708984375,0.54931640625,-1.15966796875,0.9957413592355133
233,-0.0546875,-0.4921875,-0.875,1.3427734375,0.6103515625,-1.220703125,1.0054174544996222
234,-0.05078125,-0.48046875,-0.85546875,1.15966796875,0.54931640625,-1.220703125,0.9824742934574358
235,-0.046875,-0.48828125,-0.859375,0.91552734375,0.48828125,-1.15966796875,0.9895156569511988
236,-0.04296875,-0.48828125,-0.86328125,0.79345703125,0.42724609375,-1.03759765625,0.9927333021409565
237,-0.05078125,-0.47265625,-0.87109375,0.6103515625,0.30517578125,-0.9765625,0.9923643420159188
238,-0.05078125,-0.484375,-0.8671875,0.54931640625,0.18310546875,-0.9765625,0.9945913915436894
239,-0.05078125,-0.48828125,-0.8671875,0.48828125,0.18310546875,-0.9765625,0.9964996109429121
240,-0.04296875,-0.48828125,-0.85546875,0.54931640625,0.18310546875,-0.91552734375,0.9859470953376187
241,-0.0546875,-0.47265625,-0.8828125,0.54931640625,0.1220703125,-0.91552734375,1.0028721570950918
242,-0.05859375,-0.48828125,-0.87890625,0.6103515625,0.244140625,-0.91552734375,1.0071385222151357
243,-0.03125,-0.47265625,-0.859375,0.67138671875,0.244140625,-0.8544921875,0.9812776792473487
244,-0.04296875,-0.46484375,-0.83984375,0.732421875,0.244140625,-0.8544921875,0.9608660415503752
245,-0.04296875,-0.48828125,-0.859375,0.79345703125,0.3662109375,-0.79345703125,0.9893383057393083
246,-0.03515625,-0.4921875,-0.86328125,0.79345703125,0.30517578125,-0.79345703125,0.9943535657259318
247,-0.0625,-0.4765625,-0.84765625,0.8544921875,0.48828125,-0.732421875,0.9744430124795972
248,-0.05078125,-0.4765625,-0.86328125,0.8544921875,0.48828125,-0.67138671875,0.9873930667972988
249,-0.0390625,-0.484375,-0.87109375,0.8544921875,0.48828125,-0.732421875,0.9974714736874998
250,-0.05078125,-0.47265625,-0.8671875,0.79345703125,0.54931640625,-0.79345703125,0.9889372205412612
251,-0.04296875,-0.47265625,-0.859375,0.732421875,0.42724609375,-0.67138671875,0.9817207519277694
252,-0.046875,-0.484375,-0.8671875,0.67138671875,0.30517578125,-0.6103515625,0.9943996009684688
253,-0.046875,-0.484375,-0.859375,0.54931640625,0.18310546875,-0.6103515625,0.9875939433162801
254,-0.05078125,-0.48046875,-0.87109375,0.42724609375,0.06103515625,-0.48828125,0.9961090685096625
255,-0.0546875,-0.4765625,-0.87109375,0.3662109375,0.0,-0.6103515625,0.9944379620426618
256,-0.05859375,-0.48046875,-0.85546875,0.1220703125,-0.18310546875,-0.3662109375,0.9829090647115772
257,-0.05078125,-0.4765625,-0.86328125,-0.06103515625,-0.18310546875,-0.3662109375,0.9873930667972988
258,-0.0546875,-0.4765625,-0.8828125,-0.1220703125,-0.244140625,-0.3662109375,1.0047190897055505
259,-0.046875,-0.484375,-0.87109375,-0.1220703125,-0.3662109375,-0.30517578125,0.9978079612525962
260,-0.05078125,-0.4765625,-0.859375,-0.06103515625,-0.3662109375,-0.18310546875,0.9839796453091967
261,-0.05078125,-0.4765625,-0.875,-0.06103515625,-0.42724609375,-0.18310546875,0.9976550264283804
262,-0.05078125,-0.48046875,-0.85546875,0.0,-0.42724609375,-0.06103515625,0.9824742934574358
263,-0.04296875,-0.4765625,-0.84765625,0.06103515625,-0.3662109375,-0.06103515625,0.9733854570759083
264,-0.0546875,-0.48828125,-0.875,0.1220703125,-0.244140625,0.1220703125,1.0035109873627754
265,-0.05078125,-0.484375,-0.875,0.244140625,-0.1220703125,0.1220703125,1.0014104433131115
266,-0.03125,-0.4765625,-0.85546875,0.30517578125,-0.06103515625,0.06103515625,0.9797526020035938
267,-0.04296875,-0.4921875,-0.859375,0.3662109375,0.06103515625,0.06103515625,0.991272030906659
268,-0.05078125,-0.4609375,-0.86328125,0.3662109375,0.06103515625,0.1220703125,0.9799472592233599
269,-0.04296875,-0.4765625,-0.8515625,0.42724609375,0.1220703125,0.1220703125,0.9767890362248455
270,-0.046875,-0.484375,-0.87109375,0.48828125,0.18310546875,0.30517578125,0.9978079612525962
271,-0.04296875,-0.484375,-0.87890625,0.54931640625,0.244140625,0.18310546875,1.0044608754902429
272,-0.046875,-0.484375,-0.86328125,0.6103515625,0.18310546875,0.18310546875,0.9909949156537396
273,-0.03515625,-0.4765625,-0.85546875,0.6103515625,0.244140625,0.1220703125,0.979884973120251
274,-0.04296875,-0.484375,-0.8515625,0.67138671875,0.244140625,0.1220703125,0.9806243651408079
275,-0.0625,-0.46875,-0.875,0.67138671875,0.30517578125,0.06103515625,0.9946144039274718
276,-0.046875,-0.4921875,-0.87890625,0.67138671875,0.30517578125,0.0,1.008425503976527
277,-0.046875,-0.484375,-0.87109375,0.54931640625,0.3662109375,0.0,0.9978079612525962
278,-0.0546875,-0.46484375,-0.87109375,0.42724609375,0.3662109375,0.0,0.9888755006872073
279,-0.05078125,-0.47265625,-0.87109375,0.3662109375,0.3662109375,0.0,0.9923643420159188
280,-0.046875,-0.47265625,-0.8671875,0.30517578125,0.42724609375,-0.1220703125,0.988744333205158
281,-0.0546875,-0.47265625,-0.87890625,0.244140625,0.42724609375,0.0,0.9994352653420706
282,-0.05078125,-0.46484375,-0.8828125,0.1220703125,0.3662109375,-0.1220703125,0.9990076863677652
283,-0.0546875,-0.47265625,-0.87890625,0.1220703125,0.30517578125,-0.06103515625,0.9994352653420706
284,-0.06640625,-0.4609375,-0.8828125,-0.1220703125,0.30517578125,-0.06103515625,0.9981137606012466
285,-0.04296875,-0.47265625,-0.87890625,-0.1220703125,0.30517578125,-0.06103515625,0.9988625733451462
286,-0.046875,-0.4765625,-0.86328125,-0.244140625,0.244140625,0.0,0.9871998777516195
287,-0.0546875,-0.48046875,-0.85546875,-0.3662109375,0.18310546875,0.06103515625,0.9826839393260557
288,-0.078125,-0.48828125,-0.87109375,-0.48828125,0.06103515625,0.1220703125,1.001661827173036
289,-0.05859375,-0.4765625,-0.859375,-0.6103515625,0.0,0.06103515625,0.9844137517173928
290,-0.0546875,-0.4609375,-0.87109375,-0.6103515625,0.06103515625,0.1220703125,0.9870452992905455
291,-0.046875,-0.48046875,-0.8671875,-0.6103515625,0.0,0.06103515625,0.9925027181362339
292,-0.04296875,-0.46875,-0.875,-0.6103515625,-0.06103515625,-0.06103515625,0.9935783189948151
293,-0.0546875,-0.4765625,-0.875,-0.54931640625,-0.06103515625,0.06103515625,0.9978614829035641
294,-0.05859375,-0.4609375,-0.8515625,-0.6103515625,-0.1220703125,0.1220703125,0.970080047136092
295,-0.046875,-0.48046875,-0.8671875,-0.6103515625,-0.18310546875,0.0,0.9925027181362339
296,-0.06640625,-0.46875,-0.87109375,-0.6103515625,-0.1220703125,0.1220703125,0.9914336457010752
297,-0.0546875,-0.46484375,-0.8671875,-0.79345703125,-0.1220703125,-0.06103515625,0.9854362458964875
298,-0.04296875,-0.46875,-0.88671875,-0.8544921875,-0.06103515625,0.0,1.003913849679406
299,-0.04296875,-0.45703125,-0.8828125,-0.91552734375,-0.06103515625,-0.06103515625,0.9950285358266742
300,-0.0625,-0.46484375,-0.8828125,-0.91552734375,0.0,-0.1220703125,0.9996718822045124
301,-0.046875,-0.46484375,-0.87890625,-1.03759765625,-0.06103515625,-0.06103515625,0.9953658492374173
302,-0.04296875,-0.46875,-0.8828125,-1.220703125,0.0,-0.1220703125,1.0004652848214237
303,-0.05078125,-0.46484375,-0.86328125,-1.46484375,0.06103515625,-0.1220703125,0.9817906924936636
304,-0.05078125,-0.46875,-0.87890625,-1.64794921875,0.0,-0.06103515625,0.997387334058652
305,-0.05859375,-0.4609375,-0.875,-1.77001953125,0.06103515625,-0.18310546875,0.9907177228884686
306,-0.05078125,-0.46484375,-0.86328125,-1.953125,0.06103515625,-0.30517578125,0.9817906924936636
307,-0.0390625,-0.47265625,-0.87890625,-2.0751953125,0.1220703125,-0.244140625,0.9987021607363104
308,-0.05078125,-0.46484375,-0.87890625,-2.01416015625,0.18310546875,-0.18310546875,0.9955574536683895
309,-0.04296875,-0.4453125,-0.890625,-2.01416015625,0.244140625,-0.244140625,0.9966756878532819
310,-0.04296875,-0.46484375,-0.89453125,-1.953125,0.18310546875,-0.18310546875,1.0090154521201287
311,-0.0546875,-0.4609375,-0.8828125,-1.89208984375,0.1220703125,-0.244140625,0.9974026327009319
312,-0.04296875,-0.4609375,-0.875,-1.77001953125,0.0,-0.18310546875,0.9899165077837688
313,-0.05859375,-0.46484375,-0.8671875,-1.708984375,-0.06103515625,-0.1220703125,0.9856607426540711
314,-0.05859375,-0.453125,-0.88671875,-1.77001953125,-0.244140625,0.1220703125,0.997509716627174
315,-0.0546875,-0.453125,-0.87890625,-1.64794921875,-0.30517578125,0.06103515625,0.9903480118475083
316,-0.06640625,-0.44921875,-0.8828125,-1.708984375,-0.48828125,0.06103515625,0.9927563575957975
317,-0.05859375,-0.46484375,-0.890625,-1.77001953125,-0.6103515625,0.1220703125,1.0063427994864003
318,-0.05859375,-0.45703125,-0.88671875,-1.708984375,-0.67138671875,0.06103515625,0.9992902144108025
319,-0.03515625,-0.4609375,-0.88671875,-1.52587890625,-0.67138671875,0.0,0.9999847410945204
320,-0.046875,-0.45703125,-0.875,-1.3427734375,-0.67138671875,0.06103515625,0.98828125
321,-0.05859375,-0.45703125,-0.890625,-1.15966796875,-0.67138671875,-0.06103515625,1.002758037435066
322,-0.0546875,-0.46484375,-0.8828125,-0.9765625,-0.67138671875,-0.18310546875,0.9992138633578712
323,-0.05078125,-0.45703125,-0.890625,-0.67138671875,-0.732421875,-0.18310546875,1.0023318759039468
324,-0.06640625,-0.46484375,-0.890625,-0.48828125,-0.79345703125,-0.244140625,1.00682788627358
325,-0.0625,-0.46484375,-0.87890625,-0.244140625,-0.732421875,-0.244140625,0.996223949824097
326,-0.0703125,-0.46875,-0.890625,-0.06103515625,-0.732421875,-0.3662109375,1.0089020273451976
327,-0.05859375,-0.4609375,-0.87890625,0.244140625,-0.67138671875,-0.244140625,0.9941694034390592
328,-0.06640625,-0.4609375,-0.88671875,0.48828125,-0.6103515625,-0.30517578125,1.0015704221605564
329,-0.0625,-0.453125,-0.87890625,0.67138671875,-0.48828125,-0.244140625,0.9908101290933912
330,-0.06640625,-0.46484375,-0.87890625,0.67138671875,-0.3662109375,-0.1220703125,0.9964766420956326
331,-0.0625,-0.43359375,-0.87890625,0.54931640625,-0.30517578125,-0.1220703125,0.9820315607596962
332,-0.06640625,-0.44140625,-0.87109375,0.42724609375,-0.1220703125,-0.244140625,0.9788021193618185
333,-0.0625,-0.44921875,-0.88671875,0.18310546875,0.0,-0.244140625,0.9959788536676494
334,-0.06640625,-0.44140625,-0.875,0.0,0.1220703125,-0.30517578125,0.9822801370169942
335,-0.05859375,-0.44921875,-0.8828125,-0.18310546875,0.244140625,-0.42724609375,0.9922643917055952
336,-0.05078125,-0.46484375,-0.8828125,-0.42724609375,0.244140625,-0.42724609375,0.9990076863677652
337,-0.0546875,-0.44921875,-0.86328125,-0.54931640625,0.30517578125,-0.42724609375,0.9747013514966392
338,-0.0625,-0.45703125,-0.86328125,-0.732421875,0.3662109375,-0.42724609375,0.9787943247067409
339,-0.0625,-0.46484375,-0.859375,-0.79345703125,0.30517578125,-0.30517578125,0.9790359301573475
340,-0.07421875,-0.45703125,-0.87109375,-0.8544921875,0.30517578125,-0.42724609375,0.9865040839333548
341,-0.0546875,-0.44921875,-0.8671875,-0.91552734375,0.244140625,-0.48828125,0.9781627513681261
342,-0.0859375,-0.4609375,-0.890625,-0.9765625,0.244140625,-0.42724609375,1.006509574439061
343,-0.06640625,-0.45703125,-0.8828125,-0.9765625,0.18310546875,-0.48828125,0.9963158453381513
344,-0.05859375,-0.45703125,-0.87890625,-0.91552734375,0.06103515625,-0.42724609375,0.9923643420159188
345,-0.0625,-0.453125,-0.875,-0.91552734375,0.06103515625,-0.244140625,0.9873467048737237
346,-0.06640625,-0.453125,-0.8828125,-0.8544921875,0.0,-0.18310546875,0.9945300225836887
347,-0.0625,-0.4609375,-0.88671875,-0.732421875,-0.06103515625,-0.18310546875,1.0013190153531553
348,-0.0546875,-0.453125,-0.875,-0.67138671875,-0.18310546875,-0.244140625,0.9868829658481547
349,-0.0625,-0.4453125,-0.890625,-0.6103515625,-0.244140625,-0.30517578125,0.997708556283472
350,-0.06640625,-0.45703125,-0.89453125,-0.48828125,-0.244140625,-0.30517578125,1.0067142150293635
351,-0.046875,-0.44140625,-0.90234375,-0.42724609375,-0.3662109375,-0.30517578125,1.005614730564407
352,-0.0703125,-0.44140625,-0.87109375,-0.244140625,-0.3662109375,-0.42724609375,0.9790748931947826
353,-0.05078125,-0.44921875,-0.87109375,-0.18310546875,-0.30517578125,-0.30517578125,0.9814176185458398
354,-0.05078125,-0.4453125,-0.89453125,-0.18310546875,-0.30517578125,-0.3662109375,1.0005339150845287
355,-0.06640625,-0.4375,-0.8828125,-0.06103515625,-0.30517578125,-0.42724609375,0.987508962083541
356,-0.0546875,-0.4453125,-0.88671875,0.0,-0.244140625,-0.42724609375,0.9937625908203943
357,-0.05859375,-0.44921875,-0.87890625,-0.06103515625,-0.1220703125,-0.3662109375,0.9887906295974328
358,-0.05859375,-0.4453125,-0.8828125,-0.06103515625,-0.1220703125,-0.42724609375,0.9905020748850365
359,-0.05859375,-0.4453125,-0.87890625,-0.244140625,0.06103515625,-0.42724609375,0.9870221104333858
360,-0.0625,-0.44921875,-0.8828125,-0.42724609375,0.1220703125,-0.6103515625,0.9925027181362339
361,-0.046875,-0.4453125,-0.88671875,-0.42724609375,0.244140625,-0.54931640625,0.9933632919948333
362,-0.0546875,-0.44140625,-0.90234375,-0.3662109375,0.30517578125,-0.48828125,1.0060091666378468
363,-0.0546875,-0.453125,-0.875,-0.30517578125,0.3662109375,-0.42724609375,0.9868829658481547
364,-0.08203125,-0.4296875,-0.89453125,-0.30517578125,0.3662109375,-0.54931640625,0.9957643450432311
365,-0.05078125,-0.44140625,-0.83203125,-0.3662109375,0.42724609375,-0.48828125,0.9432360329563261
366,-0.046875,-0.453125,-0.890625,-0.42724609375,0.54931640625,-0.6103515625,1.0003661439068197
367,-0.0546875,-0.4453125,-0.88671875,-0.48828125,0.6103515625,-0.54931640625,0.9937625908203943
368,-0.06640625,-0.44140625,-0.8828125,-0.54931640625,0.54931640625,-0.67138671875,0.9892457620502475
369,-0.05078125,-0.4375,-0.87109375,-0.3662109375,0.6103515625,-0.732421875,0.9761092698261937
370,-0.046875,-0.44140625,-0.8828125,-0.1220703125,0.6103515625,-0.8544921875,0.988126840704326
371,-0.0625,-0.4453125,-0.87890625,-0.06103515625,0.732421875,-0.79345703125,0.9872617023592642
372,-0.05078125,-0.44921875,-0.8984375,0.1220703125,0.67138671875,-0.91552734375,1.0057664550527499
373,-0.0625,-0.44921875,-0.90625,0.18310546875,0.79345703125,-0.91552734375,1.0134065313839073
374,-0.05859375,-0.4375,-0.875,0.3662109375,0.91552734375,-0.9765625,0.9800328961514825
375,-0.05078125,-0.453125,-0.8671875,0.42724609375,0.91552734375,-0.91552734375,0.9797526020035938
376,-0.05859375,-0.44140625,-0.90234375,0.42724609375,0.9765625,-1.03759765625,1.0062290734431139
377,-0.05078125,-0.43359375,-0.88671875,0.732421875,0.9765625,-1.03759765625,0.9883584456016893
378,-0.046875,-0.44921875,-0.90234375,0.91552734375,1.0986328125,-1.0986328125,1.0090683793185797
379,-0.0625,-0.4375,-0.890625,1.15966796875,1.0986328125,-1.0986328125,0.9942461418708146
380,-0.05078125,-0.4453125,-0.88671875,1.40380859375,1.0986328125,-1.03759765625,0.9935552826135922
381,-0.05859375,-0.44140625,-0.90234375,1.46484375,1.15966796875,-1.03759765625,1.0062290734431139
382,-0.0546875,-0.44921875,-0.90234375,1.5869140625,1.15966796875,-0.8544921875,1.0094614659172856
383,-0.0546875,-0.44921875,-0.890625,1.5869140625,1.220703125,-0.79345703125,0.9990000493657708
384,-0.05078125,-0.44921875,-0.890625,1.5869140625,1.15966796875,-0.732421875,0.9987938282389038
385,-0.04296875,-0.4375,-0.86328125,1.5869140625,1.0986328125,-0.67138671875,0.9687657508800179
386,-0.04296875,-0.46875,-0.89453125,1.5869140625,1.15966796875,-0.54931640625,1.0108209699067017
387,-0.0703125,-0.4453125,-0.87109375,1.46484375,1.15966796875,-0.48828125,0.9808421848603182
388,-0.06640625,-0.4375,-0.8828125,1.3427734375,1.15966796875,-0.48828125,0.987508962083541
389,-0.06640625,-0.44140625,-0.8828125,1.220703125,0.9765625,-0.48828125,0.9892457620502475
390,-0.05859375,-0.4453125,-0.8828125,0.9765625,1.03759765625,-0.48828125,0.9905020748850365
391,-0.0546875,-0.43359375,-0.890625,0.91552734375,0.91552734375,-0.42724609375,0.9920721512673927
392,-0.06640625,-0.44140625,-0.890625,0.8544921875,0.79345703125,-0.42724609375,0.996223949824097
393,-0.07421875,-0.42578125,-0.8984375,0.67138671875,0.8544921875,-0.42724609375,0.9969894869603064
394,-0.0703125,-0.4375,-0.890625,0.67138671875,0.91552734375,-0.48828125,0.9947678062147216
395,-0.0546875,-0.4375,-0.89453125,0.42724609375,0.732421875,-0.54931640625,0.997287887163387
396,-0.0703125,-0.43359375,-0.88671875,0.3662109375,0.67138671875,-0.3662109375,0.9895542073564616
397,-0.05859375,-0.453125,-0.8984375,0.244140625,0.67138671875,-0.3662109375,1.0079411860670802
398,-0.06640625,-0.44921875,-0.890625,0.18310546875,0.48828125,-0.3662109375,0.9997100409696928
399,-0.06640625,-0.4375,-0.890625,0.18310546875,0.42724609375,-0.3662109375,0.9944993366835709
400,-0.07421875,-0.4296875,-0.88671875,0.06103515625,0.3662109375,-0.30517578125,0.9881345617421622
401,-0.06640625,-0.4296875,-0.90234375,-0.06103515625,0.3662109375,-0.244140625,1.0016313597623503
402,-0.06640625,-0.44140625,-0.8828125,-0.1220703125,0.3662109375,-0.244140625,0.9892457620502475
403,-0.05859375,-0.43359375,-0.8828125,-0.18310546875,0.30517578125,-0.18310546875,0.9852891340791164
404,-0.0546875,-0.44140625,-0.87890625,-0.06103515625,0.244140625,-0.1220703125,0.9850413171458215
405,-0.05859375,-0.4453125,-0.890625,-0.06103515625,0.30517578125,0.0,0.9974714736874998
406,-0.05859375,-0.4453125,-0.89453125,0.06103515625,0.3662109375,-0.18310546875,1.000960842102165
407,-0.078125,-0.421875,-0.8828125,0.06103515625,0.3662109375,-0.18310546875,0.9815497651195532
408,-0.0625,-0.44921875,-0.90234375,0.18310546875,0.30517578125,-0.18310546875,1.0099148372588775
409,-0.05859375,-0.44140625,-0.88671875,0.30517578125,0.30517578125,-0.244140625,0.9922413248195661
410,-0.078125,-0.4375,-0.890625,0.42724609375,0.3662109375,-0.18310546875,0.9953505192895616
411,-0.0703125,-0.44921875,-0.890625,0.54931640625,0.42724609375,-0.244140625,0.9999771115544658
412,-0.07421875,-0.43359375,-0.89453125,0.67138671875,0.48828125,-0.244140625,0.9968440801435235
413,-0.0625,-0.44140625,-0.89453125,0.79345703125,0.48828125,-0.244140625,0.9994657996978311
414,-0.046875,-0.453125,-0.87890625,0.91552734375,0.42724609375,-0.3662109375,0.9899473357401708
415,-0.05859375,-0.4453125,-0.8984375,1.0986328125,0.48828125,-0.42724609375,1.0044532799496264
416,-0.05859375,-0.4453125,-0.88671875,1.220703125,0.48828125,-0.42724609375,0.9939852070312087
417,-0.05859375,-0.44140625,-0.8984375,1.3427734375,0.54931640625,-0.42724609375,1.0027276033322186
418,-0.0625,-0.44140625,-0.91015625,1.3427734375,0.6103515625,-0.6103515625,1.0134742852944643
419,-0.05859375,-0.43359375,-0.8984375,1.3427734375,0.732421875,-0.6103515625,0.9993131185891512
420,-0.0625,-0.4296875,-0.90234375,1.40380859375,0.67138671875,-0.67138671875,1.0013799682539652
421,-0.05859375,-0.4296875,-0.90234375,1.46484375,0.67138671875,-0.67138671875,1.0011437550918325
422,-0.0703125,-0.421875,-0.8984375,1.64794921875,0.67138671875,-0.732421875,0.9950438707351048
423,-0.0546875,-0.43359375,-0.89453125,1.64794921875,0.732421875,-0.732421875,0.9955804437220906
424,-0.0703125,-0.4296875,-0.88671875,1.77001953125,0.732421875,-0.732421875,0.9878488431506424
425,-0.0625,-0.421875,-0.8828125,1.77001953125,0.732421875,-0.732421875,0.9804298423555099
426,-0.06640625,-0.43359375,-0.89453125,1.89208984375,0.79345703125,-0.79345703125,0.9962928722542822
427,-0.0546875,-0.42578125,-0.90625,1.8310546875,0.79345703125,-0.732421875,1.0027808624060455
428,-0.0625,-0.4296875,-0.88671875,1.77001953125,0.8544921875,-0.8544921875,0.9873235230955517
429,-0.07421875,-0.45703125,-0.89453125,1.8310546875,0.732421875,-0.8544921875,1.0072597200100317
430,-0.05859375,-0.4375,-0.890625,1.8310546875,0.79345703125,-0.91552734375,0.9940082334488294
431,-0.0703125,-0.41796875,-0.88671875,1.77001953125,0.79345703125,-0.8544921875,0.9828081528123254
432,-0.0546875,-0.44140625,-0.890625,1.8310546875,0.91552734375,-0.8544921875,0.9955114719682102
433,-0.05078125,-0.4375,-0.8984375,2.01416015625,0.91552734375,-0.8544921875,1.0005872909235918
434,-0.0546875,-0.43359375,-0.90234375,2.197265625,0.9765625,-0.8544921875,1.0026058576825567
435,-0.0546875,-0.44921875,-0.88671875,2.3193359375,0.9765625,-0.91552734375,0.9955191357323951
436,-0.0625,-0.4140625,-0.90234375,2.44140625,1.03759765625,-0.8544921875,0.994775475708118
437,-0.05078125,-0.4453125,-0.89453125,2.5634765625,1.03759765625,-0.91552734375,1.0005339150845287
438,-0.0546875,-0.4375,-0.875,2.74658203125,1.15966796875,-0.91552734375,0.9798071099233001
439,-0.046875,-0.4375,-0.8984375,2.9296875,1.15966796875,-0.9765625,1.0003966498500731
440,-0.0546875,-0.4375,-0.88671875,2.99072265625,1.15966796875,-0.9765625,0.9902863799213905
441,-0.0546875,-0.4296875,-0.88671875,2.86865234375,1.15966796875,-0.9765625,0.9868597731765454
442,-0.05859375,-0.4375,-0.87890625,2.86865234375,1.15966796875,-1.03759765625,0.9835220759231208
443,-0.0546875,-0.44921875,-0.88671875,2.74658203125,1.220703125,-0.9765625,0.9955191357323951
444,-0.0546875,-0.43359375,-0.89453125,2.62451171875,1.220703125,-0.91552734375,0.9955804437220906
445,-0.0546875,-0.4296875,-0.89453125,2.62451171875,1.28173828125,-0.9765625,0.9938854197235527
446,-0.04296875,-0.4375,-0.88671875,2.62451171875,1.46484375,-1.03759765625,0.9897083939616381
447,-0.06640625,-0.43359375,-0.90234375,2.50244140625,1.46484375,-0.9765625,1.0033132976504335
448,-0.05078125,-0.43359375,-0.8828125,2.5634765625,1.52587890625,-1.03759765625,0.9848554135236679
449,-0.0546875,-0.421875,-0.89453125,2.8076171875,1.64794921875,-0.9765625,0.9905328846170693
450,-0.05078125,-0.44140625,-0.87890625,3.173828125,1.5869140625,-0.9765625,0.984832173103462
451,-0.0625,-0.4296875,-0.90625,3.35693359375,1.64794921875,-1.0986328125,1.0049013186160372
452,-0.05078125,-0.42578125,-0.8984375,3.5400390625,1.64794921875,-0.91552734375,0.9955191357323951
453,-0.0546875,-0.42578125,-0.890625,3.72314453125,1.5869140625,-0.91552734375,0.9886826013098503
454,-0.04296875,-0.43359375,-0.90234375,3.7841796875,1.64794921875,-0.8544921875,1.0020349777725763
455,-0.0546875,-0.43359375,-0.89453125,3.7841796875,1.64794921875,-0.79345703125,0.9955804437220906
456,-0.046875,-0.4296875,-0.8828125,3.662109375,1.46484375,-0.732421875,0.9829478742219752
457,-0.05859375,-0.4296875,-0.90625,3.47900390625,1.46484375,-0.67138671875,1.0046659333805006
458,-0.05078125,-0.4375,-0.90234375,3.35693359375,1.46484375,-0.6103515625,1.0040962247292962
459,-0.05078125,-0.4140625,-0.91015625,3.23486328125,1.46484375,-0.67138671875,1.0012047186624098
460,-0.046875,-0.4375,-0.890625,2.99072265625,1.40380859375,-0.6103515625,0.9933863328282708
461,-0.05859375,-0.43359375,-0.8984375,2.86865234375,1.40380859375,-0.67138671875,0.9993131185891512
462,-0.07421875,-0.41015625,-0.92578125,2.8076171875,1.40380859375,-0.6103515625,1.0152869028590823
463,-0.05859375,-0.4453125,-0.88671875,2.8076171875,1.46484375,-0.732421875,0.9939852070312087
464,-0.06640625,-0.4375,-0.89453125,2.8076171875,1.3427734375,-0.79345703125,0.9979990968260567
465,-0.05859375,-0.43359375,-0.8984375,2.86865234375,1.40380859375,-0.732421875,0.9993131185891512
466,-0.06640625,-0.44140625,-0.8984375,2.99072265625,1.46484375,-0.732421875,1.0032144381857624
467,-0.06640625,-0.4453125,-0.890625,3.0517578125,1.40380859375,-0.79345703125,0.997960872639961
468,-0.0546875,-0.43359375,-0.88671875,3.11279296875,1.40380859375,-0.79345703125,0.9885668436159869
469,-0.046875,-0.453125,-0.90234375,3.23486328125,1.52587890625,-0.732421875,1.0108134221576515
470,-0.046875,-0.44140625,-0.90625,3.2958984375,1.52587890625,-0.67138671875,1.009121303741063
471,-0.06640625,-0.44140625,-0.88671875,3.35693359375,1.46484375,-0.732421875,0.9927333021409565
472,-0.0625,-0.43359375,-0.87890625,3.23486328125,1.52587890625,-0.67138671875,0.9820315607596962
473,-0.046875,-0.43359375,-0.8828125,3.173828125,1.52587890625,-0.6103515625,0.9846617265946273
474,-0.05859375,-0.4296875,-0.8828125,3.11279296875,1.5869140625,-0.732421875,0.9835763749458212
475,-0.05078125,-0.42578125,-0.89453125,2.9296875,1.64794921875,-0.67138671875,0.9919952446608237
476,-0.05859375,-0.43359375,-0.8828125,2.9296875,1.708984375,-0.67138671875,0.9852891340791164
477,-0.0546875,-0.43359375,-0.87890625,2.9296875,1.8310546875,-0.732421875,0.9815653106056546
478,-0.0625,-0.41796875,-0.88671875,2.9296875,1.8310546875,-0.79345703125,0.9822801370169942
479,-0.05859375,-0.4375,-0.8984375,2.9296875,1.8310546875,-0.79345703125,1.001014195176728
480,-0.05859375,-0.44140625,-0.88671875,2.9296875,1.8310546875,-0.79345703125,0.9922413248195661
481,-0.0546875,-0.44921875,-0.87890625,2.99072265625,1.953125,-0.732421875,0.9885668436159869
482,-0.0625,-0.43359375,-0.8828125,2.9296875,1.89208984375,-0.732421875,0.9855291473088518
483,-0.078125,-0.42578125,-0.88671875,2.99072265625,1.953125,-0.67138671875,0.9867438016416039
484,-0.06640625,-0.42578125,-0.91015625,2.99072265625,1.89208984375,-0.67138671875,1.0070173098336928
485,-0.05859375,-0.4296875,-0.87890625,3.11279296875,1.8310546875,-0.54931640625,0.9800718195542483
486,-0.0546875,-0.43359375,-0.890625,3.23486328125,1.8310546875,-0.54931640625,0.9920721512673927
487,-0.0625,-0.42578125,-0.890625,3.2958984375,1.89208984375,-0.67138671875,0.9891454966164293
488,-0.05078125,-0.4375,-0.90234375,3.35693359375,1.708984375,-0.54931640625,1.0040962247292962
489,-0.07421875,-0.421875,-0.89453125,3.60107421875,1.64794921875,-0.6103515625,0.9918029520540483
490,-0.0546875,-0.4140625,-0.890625,3.72314453125,1.64794921875,-0.67138671875,0.983692719901647
491,-0.06640625,-0.44140625,-0.8984375,3.7841796875,1.52587890625,-0.67138671875,1.0032144381857624
492,-0.06640625,-0.43359375,-0.90234375,3.90625,1.52587890625,-0.6103515625,1.0033132976504335
493,-0.06640625,-0.4296875,-0.90234375,3.90625,1.46484375,-0.732421875,1.0016313597623503
494,-0.06640625,-0.42578125,-0.8828125,3.90625,1.46484375,-0.67138671875,0.9823733368973707
495,-0.07421875,-0.42578125,-0.890625,4.0283203125,1.46484375,-0.79345703125,0.9899550425792704
496,-0.05078125,-0.43359375,-0.890625,3.96728515625,1.46484375,-0.6103515625,0.9918644897442518
497,-0.05078125,-0.4296875,-0.890625,4.0283203125,1.46484375,-0.48828125,0.9901631045604621
498,-0.05078125,-0.42578125,-0.89453125,4.0283203125,1.46484375,-0.67138671875,0.9919952446608237
499,-0.05859375,-0.42578125,-0.8984375,4.150390625,1.46484375,-0.54931640625,0.9959482124070884
500,-0.0546875,-0.4296875,-0.89453125,4.08935546875,1.52587890625,-0.6103515625,0.9938854197235527
501,-0.0625,-0.4296875,-0.90234375,4.0283203125,1.52587890625,-0.48828125,1.0013799682539652
502,-0.0625,-0.42578125,-0.88671875,3.90625,1.52587890625,-0.48828125,0.9856297806241069
503,-0.05859375,-0.41796875,-0.87890625,3.84521484375,1.46484375,-0.48828125,0.97499092293451
504,-0.0546875,-0.43359375,-0.8828125,3.72314453125,1.46484375,-0.48828125,0.9850645526317362
505,-0.04296875,-0.43359375,-0.89453125,3.5400390625,1.40380859375,-0.6103515625,0.995005533020891
506,-0.04296875,-0.4296875,-0.91015625,3.35693359375,1.3427734375,-0.6103515625,1.0074036234533181
507,-0.0625,-0.42578125,-0.8828125,3.11279296875,1.40380859375,-0.67138671875,0.9821170159445424
508,-0.0625,-0.4296875,-0.90234375,2.86865234375,1.40380859375,-0.732421875,1.0013799682539652
509,-0.05078125,-0.4296875,-0.8828125,2.86865234375,1.40380859375,-0.67138671875,0.9831418987938936
510,-0.0546875,-0.43359375,-0.90234375,2.8076171875,1.40380859375,-0.8544921875,1.0026058576825567
511,-0.0625,-0.421875,-0.89453125,2.86865234375,1.46484375,-0.91552734375,0.9909949156537396
512,-0.05859375,-0.4296875,-0.890625,3.0517578125,1.40380859375,-0.9765625,0.9905945012063778
513,-0.0546875,-0.42578125,-0.87890625,3.11279296875,1.40380859375,-1.03759765625,0.978139351931449
514,-0.046875,-0.43359375,-0.8984375,3.173828125,1.46484375,-1.0986328125,0.9986945213979661
515,-0.0546875,-0.4375,-0.890625,3.2958984375,1.40380859375,-1.03759765625,0.9937856223961232
516,-0.046875,-0.4375,-0.89453125,3.41796875,1.3427734375,-1.15966796875,0.9968900003769535
517,-0.0625,-0.4453125,-0.88671875,3.5400390625,1.28173828125,-1.0986328125,0.9942231209632033
518,-0.0546875,-0.43359375,-0.88671875,3.5400390625,1.28173828125,-1.03759765625,0.9885668436159869
519,-0.05078125,-0.44921875,-0.8984375,3.60107421875,1.220703125,-1.03759765625,1.0057664550527499
520,-0.04296875,-0.4453125,-0.90234375,3.60107421875,1.220703125,-1.03759765625,1.0071612479126046
521,-0.046875,-0.4375,-0.88671875,3.662109375,1.220703125,-0.9765625,0.9898856788672935
522,-0.046875,-0.4296875,-0.890625,3.72314453125,1.220703125,-0.79345703125,0.9899704560774781
523,-0.0703125,-0.41796875,-0.90625,3.72314453125,1.220703125,-0.8544921875,1.0004652848214237
524,-0.046875,-0.44921875,-0.890625,3.662109375,1.28173828125,-0.91552734375,0.9986028447794261
525,-0.04296875,-0.41796875,-0.8984375,3.5400390625,1.220703125,-0.8544921875,0.9918337213764085
526,-0.0625,-0.43359375,-0.890625,3.47900390625,1.3427734375,-0.8544921875,0.9925334657652922
527,-0.05859375,-0.44140625,-0.86328125,3.47900390625,1.220703125,-0.79345703125,0.9713532939562657
528,-0.0546875,-0.43359375,-0.875,3.41796875,1.28173828125,-0.79345703125,0.978069150262553
529,-0.05859375,-0.42578125,-0.88671875,3.2958984375,1.28173828125,-0.79345703125,0.9853897919058161
530,-0.0546875,-0.43359375,-0.890625,3.23486328125,1.220703125,-0.732421875,0.9920721512673927
531,-0.0625,-0.4375,-0.8984375,3.2958984375,1.220703125,-0.67138671875,1.0012504389043981
532,-0.05859375,-0.43359375,-0.8828125,3.35693359375,1.15966796875,-0.732421875,0.9852891340791164
533,-0.05859375,-0.43359375,-0.890625,3.47900390625,1.220703125,-0.79345703125,0.9922951467195257
534,-0.046875,-0.4453125,-0.890625,3.47900390625,1.220703125,-0.79345703125,0.9968517336626596
535,-0.05859375,-0.44140625,-0.88671875,3.5400390625,1.220703125,-0.732421875,0.9922413248195661
536,-0.05078125,-0.4453125,-0.90234375,3.60107421875,1.0986328125,-0.67138671875,1.0075247893584927
537,-0.0546875,-0.43359375,-0.875,3.662109375,1.0986328125,-0.67138671875,0.978069150262553
538,-0.0546875,-0.46484375,-0.890625,3.72314453125,1.03759765625,-0.79345703125,1.0061229175380673
539,-0.0546875,-0.4375,-0.8828125,3.84521484375,1.220703125,-0.8544921875,0.9867901918911132
540,-0.05078125,-0.44140625,-0.87890625,3.90625,1.15966796875,-0.8544921875,0.984832173103462
541,-0.0390625,-0.4375,-0.87890625,3.90625,1.15966796875,-0.79345703125,0.9825519452910938
542,-0.07421875,-0.4375,-0.89453125,4.0283203125,1.220703125,-0.79345703125,0.9985493628650138
543,-0.05078125,-0.4375,-0.890625,4.0283203125,1.220703125,-0.8544921875,0.9935783189948151
544,-0.046875,-0.44921875,-0.89453125,4.08935546875,1.220703125,-0.79345703125,1.002088273658127
545,-0.05078125,-0.44921875,-0.8671875,4.21142578125,1.28173828125,-0.91552734375,0.9779521362824333
546,-0.05078125,-0.45703125,-0.87109375,4.150390625,1.40380859375,-0.8544921875,0.9850180811118076
547,-0.04296875,-0.44921875,-0.88671875,4.21142578125,1.3427734375,-0.79345703125,0.994944189605471
548,-0.0546875,-0.4375,-0.87890625,4.2724609375,1.40380859375,-0.79345703125,0.9832970908862247
549,-0.03515625,-0.44140625,-0.87890625,4.2724609375,1.40380859375,-0.67138671875,0.9841502099487596
550,-0.04296875,-0.44921875,-0.89453125,4.2724609375,1.28173828125,-0.732421875,1.0019131479597858
551,-0.0625,-0.44140625,-0.89453125,4.21142578125,1.28173828125,-0.732421875,0.9994657996978311
552,-0.0625,-0.44140625,-0.8984375,4.150390625,1.28173828125,-0.79345703125,1.0029634434740444
553,-0.05078125,-0.43359375,-0.90234375,4.150390625,1.3427734375,-0.79345703125,1.0024003783691862
554,-0.05078125,-0.44140625,-0.890625,4.08935546875,1.15966796875,-0.732421875,0.9953045280292987
555,-0.05078125,-0.4453125,-0.890625,3.96728515625,1.03759765625,-0.732421875,0.9970430525472872
556,-0.0546875,-0.4375,-0.8828125,3.90625,1.03759765625,-0.732421875,0.9867901918911132
557,-0.06640625,-0.42578125,-0.88671875,3.7841796875,0.9765625,-0.67138671875,0.9858851882913078
558,-0.0546875,-0.44140625,-0.90234375,3.84521484375,0.9765625,-0.67138671875,1.0060091666378468
559,-0.05859375,-0.43359375,-0.88671875,3.7841796875,0.8544921875,-0.732421875,0.9887906295974328
560,-0.05078125,-0.44140625,-0.8828125,3.72314453125,0.79345703125,-0.67138671875,0.9883198485545431
561,-0.046875,-0.4453125,-0.88671875,3.72314453125,0.79345703125,-0.732421875,0.9933632919948333
562,-0.05078125,-0.44921875,-0.89453125,3.5400390625,0.67138671875,-0.79345703125,1.002278592971878
563,-0.0625,-0.4375,-0.88671875,3.60107421875,0.732421875,-0.8544921875,0.990748525914403
564,-0.046875,-0.4296875,-0.90625,3.60107421875,0.732421875,-0.732421875,1.0040506340724307
565,-0.05078125,-0.43359375,-0.8984375,3.72314453125,0.79345703125,-0.732421875,0.9988854873291908
566,-0.0546875,-0.44140625,-0.8828125,3.7841796875,0.79345703125,-0.8544921875,0.988528254705733
567,-0.0546875,-0.44140625,-0.890625,3.84521484375,0.732421875,-0.79345703125,0.9955114719682102
568,-0.0546875,-0.44140625,-0.890625,3.84521484375,0.8544921875,-0.67138671875,0.9955114719682102
569,-0.05078125,-0.44140625,-0.89453125,3.90625,0.91552734375,-0.67138671875,0.9988014668176992
570,-0.04296875,-0.44921875,-0.88671875,3.90625,0.9765625,-0.67138671875,0.994944189605471
571,-0.05859375,-0.44140625,-0.86328125,3.96728515625,1.03759765625,-0.67138671875,0.9713532939562657
572,-0.05859375,-0.44140625,-0.90234375,3.96728515625,1.0986328125,-0.6103515625,1.0062290734431139
573,-0.046875,-0.44140625,-0.8828125,4.0283203125,1.0986328125,-0.67138671875,0.988126840704326
574,-0.05078125,-0.43359375,-0.89453125,4.08935546875,1.0986328125,-0.67138671875,0.9953735141228078
575,-0.05078125,-0.44921875,-0.87890625,4.0283203125,1.0986328125,-0.6103515625,0.9883584456016893
576,-0.04296875,-0.4375,-0.890625,4.08935546875,1.15966796875,-0.732421875,0.9932096727788964
577,-0.04296875,-0.44921875,-0.8984375,4.21142578125,1.220703125,-0.732421875,1.0054022778143956
578,-0.0546875,-0.42578125,-0.87890625,4.21142578125,1.220703125,-0.67138671875,0.978139351931449
579,-0.05859375,-0.44140625,-0.87890625,4.150390625,1.3427734375,-0.67138671875,0.985265903889497
580,-0.0546875,-0.43359375,-0.87890625,4.150390625,1.40380859375,-0.79345703125,0.9815653106056546
581,-0.04296875,-0.4453125,-0.87890625,4.08935546875,1.40380859375,-0.67138671875,0.9862178929738981
582,-0.0625,-0.4296875,-0.89453125,4.0283203125,1.52587890625,-0.67138671875,0.9943458929782998
583,-0.05859375,-0.43359375,-0.8828125,3.96728515625,1.46484375,-0.67138671875,0.9852891340791164
584,-0.046875,-0.4453125,-0.89453125,3.7841796875,1.46484375,-0.732421875,1.0003432638388747
585,-0.03515625,-0.453125,-0.88671875,3.7841796875,1.52587890625,-0.732421875,0.9964077323769748
586,-0.0546875,-0.44921875,-0.88671875,3.84521484375,1.52587890625,-1.03759765625,0.9955191357323951
587,-0.05078125,-0.4375,-0.8984375,3.84521484375,1.52587890625,-0.91552734375,1.0005872909235918
588,-0.04296875,-0.4375,-0.88671875,3.96728515625,1.64794921875,-0.91552734375,0.9897083939616381
589,-0.0546875,-0.4453125,-0.90234375,4.150390625,1.64794921875,-1.03759765625,1.007729223788098
590,-0.04296875,-0.43359375,-0.8984375,4.33349609375,1.64794921875,-0.9765625,0.9985188004849358
591,-0.04296875,-0.4375,-0.89453125,4.33349609375,1.64794921875,-1.0986328125,0.9967139613264806
592,-0.04296875,-0.42578125,-0.8828125,4.39453125,1.5869140625,-1.03759765625,0.9810677328729016
593,-0.04296875,-0.453125,-0.90625,4.45556640625,1.5869140625,-0.9765625,1.014129006389997
594,-0.05078125,-0.44921875,-0.8828125,4.5166015625,1.64794921875,-0.91552734375,0.9918337213764085
595,-0.046875,-0.4453125,-0.88671875,4.57763671875,1.52587890625,-0.9765625,0.9933632919948333
596,-0.05078125,-0.43359375,-0.8828125,4.57763671875,1.52587890625,-0.8544921875,0.9848554135236679
597,-0.046875,-0.43359375,-0.90234375,4.638671875,1.64794921875,-0.79345703125,1.002210082182436
598,-0.05078125,-0.4453125,-0.890625,4.638671875,1.52587890625,-0.8544921875,0.9970430525472872
599,-0.046875,-0.44140625,-0.90234375,4.69970703125,1.64794921875,-0.8544921875,1.005614730564407
600,-0.04296875,-0.4453125,-0.89453125,4.82177734375,1.64794921875,-0.79345703125,1.0001678325957974
601,-0.05078125,-0.44921875,-0.8984375,5.0048828125,1.708984375,-0.732421875,1.0057664550527499
602,-0.046875,-0.453125,-0.88671875,5.31005859375,1.77001953125,-0.8544921875,0.9968900003769535
603,-0.0546875,-0.4453125,-0.91015625,5.4931640625,1.77001953125,-0.8544921875,1.0147306759562178
604,-0.0390625,-0.44921875,-0.8828125,5.859375,1.8310546875,-0.79345703125,0.9913028167084277
605,-0.04296875,-0.44140625,-0.91796875,6.16455078125,1.89208984375,-0.79345703125,1.0194863495859998
606,-0.03125,-0.44140625,-0.8984375,6.40869140625,1.8310546875,-0.67138671875,1.001501862926531
607,-0.05859375,-0.43359375,-0.88671875,6.65283203125,1.8310546875,-0.67138671875,0.9887906295974328
608,-0.046875,-0.4453125,-0.89453125,6.77490234375,1.89208984375,-0.67138671875,1.0003432638388747
609,-0.046875,-0.4375,-0.89453125,6.8359375,1.89208984375,-0.67138671875,0.9968900003769535
610,-0.05078125,-0.4375,-0.8828125,6.77490234375,1.77001953125,-0.48828125,0.986581418590383
611,-0.0546875,-0.44140625,-0.89453125,6.53076171875,1.77001953125,-0.42724609375,0.9990076863677652
612,-0.04296875,-0.42578125,-0.89453125,6.2255859375,1.708984375,-0.30517578125,0.9916260099224342
613,-0.05078125,-0.42578125,-0.87890625,5.7373046875,1.5869140625,-0.30517578125,0.9779287318062536
614,-0.05078125,-0.42578125,-0.87890625,5.2490234375,1.40380859375,-0.18310546875,0.9779287318062536
615,-0.0625,-0.4453125,-0.86328125,4.7607421875,1.28173828125,-0.18310546875,0.973377619045051
616,-0.04296875,-0.453125,-0.8828125,4.33349609375,1.15966796875,-0.1220703125,0.9932403985228413
617,-0.0546875,-0.4453125,-0.86328125,3.7841796875,0.91552734375,-0.06103515625,0.9729072216373268
618,-0.0546875,-0.4375,-0.8671875,3.41796875,0.732421875,-0.06103515625,0.9728366424084262
619,-0.04296875,-0.4453125,-0.88671875,3.11279296875,0.6103515625,-0.1220703125,0.9931866278471408
620,-0.05859375,-0.4296875,-0.87109375,2.86865234375,0.42724609375,-0.1220703125,0.9730718865964503
621,-0.05859375,-0.44140625,-0.86328125,2.62451171875,0.244140625,-0.1220703125,0.9713532939562657
622,-0.0546875,-0.4453125,-0.875,2.38037109375,0.06103515625,-0.1220703125,0.9833203675875426
623,-0.05859375,-0.4375,-0.875,2.3193359375,-0.06103515625,-0.244140625,0.9800328961514825
624,-0.046875,-0.4453125,-0.87109375,2.197265625,-0.1220703125,-0.30517578125,0.9794410699834434
625,-0.06640625,-0.4765625,-0.8828125,2.0751953125,-0.244140625,-0.3662109375,1.0054250427563272
626,-0.05078125,-0.45703125,-0.890625,2.01416015625,-0.244140625,-0.244140625,1.0023318759039468
627,-0.04296875,-0.45703125,-0.890625,1.89208984375,-0.30517578125,-0.3662109375,1.001966450325621
628,-0.046875,-0.4453125,-0.88671875,2.01416015625,-0.18310546875,-0.42724609375,0.9933632919948333
629,-0.0546875,-0.4453125,-0.88671875,1.953125,-0.244140625,-0.3662109375,0.9937625908203943
630,-0.046875,-0.44921875,-0.890625,2.01416015625,-0.30517578125,-0.42724609375,0.9986028447794261
631,-0.0390625,-0.4609375,-0.90234375,2.25830078125,-0.30517578125,-0.244140625,1.01400862963614
632,-0.02734375,-0.4375,-0.8828125,2.50244140625,-0.30517578125,-0.244140625,0.9856530022377614
633,-0.0390625,-0.44921875,-0.890625,2.62451171875,-0.244140625,-0.1220703125,0.9982666251472161
634,-0.04296875,-0.4453125,-0.8828125,2.8076171875,-0.18310546875,-0.18310546875,0.9897006852018758
635,-0.05078125,-0.44921875,-0.8671875,2.9296875,-0.244140625,-0.1220703125,0.9779521362824333
636,-0.046875,-0.4453125,-0.8671875,3.0517578125,-0.244140625,-0.18310546875,0.9759685693901725
637,-0.05859375,-0.4453125,-0.890625,3.23486328125,-0.30517578125,-0.244140625,0.9974714736874998
638,-0.05859375,-0.43359375,-0.8984375,3.23486328125,-0.3662109375,-0.18310546875,0.9993131185891512
639,-0.05859375,-0.4375,-0.90234375,3.35693359375,-0.18310546875,-0.1220703125,1.0045216377476023
640,-0.0546875,-0.4453125,-0.89453125,3.41796875,-0.244140625,-0.06103515625,1.0007397776340574
641,-0.0546875,-0.4375,-0.88671875,3.35693359375,-0.244140625,-0.1220703125,0.9902863799213905
642,-0.04296875,-0.44140625,-0.875,3.35693359375,-0.18310546875,0.0,0.9809744089504195
643,-0.05078125,-0.43359375,-0.90234375,3.2958984375,-0.1220703125,0.0,1.0024003783691862
644,-0.05859375,-0.43359375,-0.88671875,3.11279296875,-0.1220703125,0.06103515625,0.9887906295974328
645,-0.0390625,-0.4296875,-0.88671875,3.11279296875,-0.06103515625,0.06103515625,0.9861173196755356
646,-0.0625,-0.4453125,-0.86328125,2.9296875,0.0,0.1220703125,0.973377619045051
647,-0.08203125,-0.45703125,-0.875,2.86865234375,-0.06103515625,0.1220703125,0.9905713954345365
648,-0.046875,-0.4375,-0.88671875,2.8076171875,-0.1220703125,0.244140625,0.9898856788672935
649,-0.03515625,-0.453125,-0.890625,2.74658203125,-0.1220703125,0.18310546875,0.9998855525329199
650,-0.05859375,-0.4375,-0.89453125,2.8076171875,-0.18310546875,0.30517578125,0.997509716627174
651,-0.0625,-0.44921875,-0.88671875,2.8076171875,-0.244140625,0.244140625,0.9959788536676494
652,-0.046875,-0.4453125,-0.890625,2.685546875,-0.244140625,0.1220703125,0.9968517336626596
653,-0.05078125,-0.4453125,-0.88671875,2.74658203125,-0.3662109375,0.18310546875,0.9935552826135922
654,-0.05859375,-0.4375,-0.890625,2.685546875,-0.3662109375,0.18310546875,0.9940082334488294
655,-0.05078125,-0.453125,-0.87890625,2.685546875,-0.3662109375,0.06103515625,0.9901399887216075
656,-0.05078125,-0.4296875,-0.8828125,2.74658203125,-0.48828125,0.0,0.9831418987938936
657,-0.06640625,-0.44140625,-0.8984375,2.74658203125,-0.42724609375,0.0,1.0032144381857624
658,-0.046875,-0.45703125,-0.8828125,2.74658203125,-0.3662109375,0.06103515625,0.995204873007469
659,-0.04296875,-0.4375,-0.87890625,2.685546875,-0.30517578125,0.06103515625,0.9827149941695329
660,-0.05859375,-0.4375,-0.8828125,2.685546875,-0.3662109375,0.1220703125,0.9870143806932665
661,-0.046875,-0.44921875,-0.8828125,2.5634765625,-0.3662109375,0.1220703125,0.9916413974480959
662,-0.0546875,-0.44921875,-0.89453125,2.62451171875,-0.30517578125,0.244140625,1.0024840972476197
663,-0.04296875,-0.453125,-0.8828125,2.50244140625,-0.3662109375,0.244140625,0.9932403985228413
664,-0.05078125,-0.4453125,-0.88671875,2.50244140625,-0.30517578125,0.42724609375,0.9935552826135922
665,-0.04296875,-0.453125,-0.86328125,2.50244140625,-0.30517578125,0.54931640625,0.9759216647370449
666,-0.04296875,-0.4609375,-0.87890625,2.50244140625,-0.30517578125,0.54931640625,0.9933709723320261
667,-0.05078125,-0.44140625,-0.8671875,2.62451171875,-0.3662109375,0.67138671875,0.9743882044887833
668,-0.05859375,-0.44140625,-0.8828125,2.62451171875,-0.54931640625,0.67138671875,0.9887520494210745
669,-0.06640625,-0.43359375,-0.875,2.685546875,-0.6103515625,0.79345703125,0.9787943247067409
670,-0.04296875,-0.44921875,-0.890625,2.74658203125,-0.732421875,0.91552734375,0.9984271077315183
671,-0.046875,-0.453125,-0.88671875,2.74658203125,-0.79345703125,0.91552734375,0.9968900003769535
672,-0.046875,-0.44921875,-0.88671875,2.86865234375,-0.9765625,0.91552734375,0.9951205417325707
673,-0.05078125,-0.45703125,-0.890625,2.86865234375,-1.15966796875,0.9765625,1.0023318759039468
674,-0.04296875,-0.45703125,-0.8984375,2.74658203125,-1.3427734375,0.9765625,1.0089171513852735
675,-0.0625,-0.44140625,-0.88671875,2.74658203125,-1.40380859375,1.03759765625,0.9924796567893092
676,-0.0625,-0.4453125,-0.89453125,2.8076171875,-1.5869140625,0.91552734375,1.0011970984190937
677,-0.0390625,-0.4375,-0.88671875,2.8076171875,-1.708984375,0.91552734375,0.9895464973955557
678,-0.0390625,-0.44140625,-0.890625,2.86865234375,-1.89208984375,0.91552734375,0.994775475708118
679,-0.05078125,-0.44140625,-0.88671875,2.8076171875,-1.89208984375,0.91552734375,0.9918106444741291
680,-0.04296875,-0.45703125,-0.8828125,2.8076171875,-2.01416015625,0.8544921875,0.9950285358266742
681,-0.0546875,-0.44921875,-0.87890625,2.8076171875,-2.0751953125,0.79345703125,0.9885668436159869
682,-0.05078125,-0.44140625,-0.8828125,2.685546875,-2.0751953125,0.8544921875,0.9883198485545431
683,-0.05078125,-0.44140625,-0.88671875,2.74658203125,-2.01416015625,0.79345703125,0.9918106444741291
684,-0.046875,-0.453125,-0.890625,2.685546875,-1.953125,0.732421875,1.0003661439068197
685,-0.05859375,-0.4453125,-0.87109375,2.685546875,-1.953125,0.732421875,0.9800718195542483
686,-0.05078125,-0.453125,-0.890625,2.685546875,-1.953125,0.79345703125,1.0005567907927877
687,-0.0625,-0.44140625,-0.8828125,2.62451171875,-1.8310546875,0.8544921875,0.988991222253925
688,-0.05859375,-0.44921875,-0.87890625,2.685546875,-1.89208984375,1.03759765625,0.9887906295974328
689,-0.05859375,-0.44921875,-0.87109375,2.9296875,-1.8310546875,1.0986328125,0.9818528577030713
690,-0.0390625,-0.45703125,-0.86328125,2.99072265625,-1.89208984375,1.15966796875,0.977577597423537
691,-0.0625,-0.46484375,-0.890625,3.11279296875,-1.89208984375,1.220703125,1.0065777925918407
692,-0.05078125,-0.44921875,-0.89453125,3.35693359375,-1.953125,1.3427734375,1.002278592971878
693,-0.0625,-0.44140625,-0.890625,3.47900390625,-1.953125,1.15966796875,0.9959711934408859
694,-0.046875,-0.453125,-0.890625,3.5400390625,-1.953125,1.15966796875,1.0003661439068197
695,-0.0546875,-0.44140625,-0.88671875,3.60107421875,-2.0751953125,1.220703125,0.9920183172688269
696,-0.05078125,-0.44921875,-0.8828125,3.5400390625,-2.13623046875,1.28173828125,0.9918337213764085
697,-0.0546875,-0.44140625,-0.87890625,3.47900390625,-2.13623046875,1.28173828125,0.9850413171458215
698,-0.0703125,-0.4375,-0.890625,3.35693359375,-2.01416015625,1.3427734375,0.9947678062147216
699,-0.0390625,-0.44921875,-0.88671875,3.11279296875,-2.0751953125,1.28173828125,0.9947831451423848
700,-0.05859375,-0.44140625,-0.87890625,3.11279296875,-2.13623046875,1.3427734375,0.985265903889497
701,-0.0546875,-0.44140625,-0.90234375,3.173828125,-2.25830078125,1.46484375,1.0060091666378468
702,-0.046875,-0.44140625,-0.87109375,3.11279296875,-2.3193359375,1.52587890625,0.9776712455898071
703,-0.0703125,-0.4375,-0.87890625,3.11279296875,-2.44140625,1.52587890625,0.9842897408513981
704,-0.05078125,-0.4453125,-0.8984375,3.2958984375,-2.50244140625,1.40380859375,1.0040278379676844
705,-0.0546875,-0.45703125,-0.88671875,3.35693359375,-2.50244140625,1.3427734375,0.999068780282106
706,-0.0546875,-0.44140625,-0.890625,3.41796875,-2.44140625,1.40380859375,0.9955114719682102
707,-0.0625,-0.4375,-0.8828125,3.47900390625,-2.50244140625,1.220703125,0.9872539744950385
708,-0.0703125,-0.44140625,-0.8828125,3.5400390625,-2.44140625,1.15966796875,0.9895156569511988
709,-0.07421875,-0.4453125,-0.8828125,3.60107421875,-2.50244140625,1.0986328125,0.9915490687122158
710,-0.08203125,-0.44140625,-0.88671875,3.5400390625,-2.44140625,1.15966796875,0.9939007722691373
711,-0.07421875,-0.4453125,-0.89453125,3.60107421875,-2.44140625,1.15966796875,1.0019969075473112
712,-0.05078125,-0.4453125,-0.875,3.5400390625,-2.44140625,1.0986328125,0.9831108574356264
713,-0.05078125,-0.4609375,-0.90625,3.662109375,-2.44140625,1.03759765625,1.0180035249240607
714,-0.05859375,-0.4375,-0.8828125,3.72314453125,-2.44140625,1.220703125,0.9870143806932665
715,-0.078125,-0.4453125,-0.8828125,3.60107421875,-2.38037109375,1.15966796875,0.9918491056796391
716,-0.06640625,-0.44921875,-0.87890625,3.72314453125,-2.50244140625,1.15966796875,0.9892843229727678
717,-0.0703125,-0.44140625,-0.88671875,3.72314453125,-2.44140625,1.220703125,0.9930022491398874
718,-0.07421875,-0.45703125,-0.8828125,3.72314453125,-2.50244140625,1.220703125,0.9968670405246504
719,-0.0625,-0.4453125,-0.88671875,3.7841796875,-2.44140625,1.28173828125,0.9942231209632033
720,-0.078125,-0.4453125,-0.89453125,3.84521484375,-2.50244140625,1.220703125,1.002293816955793
721,-0.08203125,-0.4609375,-0.87890625,3.84521484375,-2.50244140625,1.220703125,0.9958256379366194
722,-0.078125,-0.43359375,-0.89453125,3.7841796875,-2.50244140625,1.0986328125,0.9971425238603682
723,-0.078125,-0.44140625,-0.90234375,3.7841796875,-2.50244140625,1.0986328125,1.0075550785580534
724,-0.078125,-0.453125,-0.88671875,3.72314453125,-2.44140625,0.9765625,0.9988472970637516
725,-0.06640625,-0.44921875,-0.8828125,3.60107421875,-2.44140625,0.91552734375,0.9927563575957975
726,-0.07421875,-0.44140625,-0.88671875,3.41796875,-2.44140625,0.91552734375,0.9932864853566605
727,-0.08203125,-0.4453125,-0.88671875,3.35693359375,-2.197265625,0.91552734375,0.9956417479366637
728,-0.08203125,-0.43359375,-0.87890625,3.173828125,-2.197265625,0.79345703125,0.9834677739024739
729,-0.078125,-0.44140625,-0.88671875,3.0517578125,-2.13623046875,0.732421875,0.993585997669867
730,-0.0859375,-0.44140625,-0.86328125,2.86865234375,-2.01416015625,0.79345703125,0.9733854570759083
731,-0.09375,-0.44921875,-0.859375,2.86865234375,-1.953125,0.79345703125,0.9742237620159767
732,-0.08203125,-0.4453125,-0.87890625,2.99072265625,-1.89208984375,0.732421875,0.9886903180075524
733,-0.0859375,-0.44140625,-0.87109375,3.0517578125,-1.8310546875,0.6103515625,0.9803208927358301
734,-0.05078125,-0.44140625,-0.85546875,3.173828125,-1.77001953125,0.54931640625,0.9639735448222568
735,-0.08203125,-0.44140625,-0.8828125,3.35693359375,-1.708984375,0.54931640625,0.9904173431800732
736,-0.0859375,-0.4453125,-0.90625,3.47900390625,-1.5869140625,0.42724609375,1.0133990028920001
737,-0.08984375,-0.4453125,-0.8671875,3.662109375,-1.5869140625,0.48828125,0.9789735860719443
738,-0.08984375,-0.453125,-0.88671875,3.7841796875,-1.52587890625,0.42724609375,0.9998321392316938
739,-0.09375,-0.44140625,-0.890625,3.90625,-1.5869140625,0.48828125,0.9984194662886249
740,-0.09765625,-0.4453125,-0.890625,4.0283203125,-1.46484375,0.42724609375,1.0005262897322151
741,-0.08984375,-0.43359375,-0.88671875,4.08935546875,-1.52587890625,0.48828125,0.9911334829651793
742,-0.0859375,-0.4453125,-0.8828125,4.150390625,-1.46484375,0.54931640625,0.9924950310801309
743,-0.0859375,-0.44140625,-0.89453125,4.150390625,-1.46484375,0.42724609375,1.0012047186624098
744,-0.08984375,-0.44140625,-0.88671875,4.150390625,-1.3427734375,0.42724609375,0.9945760496586913
745,-0.09765625,-0.453125,-0.90625,4.2724609375,-1.40380859375,0.48828125,1.0179135873388578
746,-0.0859375,-0.453125,-0.890625,4.33349609375,-1.3427734375,0.3662109375,1.0029558365931424
747,-0.08203125,-0.4375,-0.8828125,4.45556640625,-1.15966796875,0.3662109375,0.9886826013098503
748,-0.08984375,-0.44140625,-0.8828125,4.638671875,-1.220703125,0.244140625,0.9910949939886564
749,-0.09765625,-0.44140625,-0.890625,4.69970703125,-1.15966796875,0.30517578125,0.9987938282389038
750,-0.08984375,-0.44140625,-0.890625,4.7607421875,-1.0986328125,0.244140625,0.9980602524788396
751,-0.0859375,-0.44140625,-0.89453125,4.94384765625,-1.03759765625,0.1220703125,1.0012047186624098
752,-0.078125,-0.44140625,-0.87890625,4.94384765625,-0.9765625,0.0,0.9866200836457389
753,-0.08203125,-0.4375,-0.890625,4.8828125,-1.0986328125,0.18310546875,0.9956647360439972
754,-0.09375,-0.44921875,-0.87890625,4.8828125,-1.03759765625,0.18310546875,0.9914952063124789
755,-0.08984375,-0.4375,-0.89453125,4.82177734375,-1.0986328125,0.244140625,0.9998321392316938
756,-0.08203125,-0.44921875,-0.87890625,4.638671875,-0.91552734375,0.18310546875,0.9904558584900124
757,-0.08203125,-0.44140625,-0.87890625,4.39453125,-0.8544921875,0.244140625,0.9869370799623892
758,-0.0859375,-0.44921875,-0.88671875,4.08935546875,-0.79345703125,0.244140625,0.9977238500002769
759,-0.08203125,-0.44140625,-0.87109375,3.84521484375,-0.67138671875,0.18310546875,0.9799861860274804
760,-0.0859375,-0.4375,-0.875,3.60107421875,-0.54931640625,0.244140625,0.9820470986191294
761,-0.08984375,-0.453125,-0.8828125,3.41796875,-0.3662109375,0.244140625,0.9963694471406239
762,-0.078125,-0.4453125,-0.87890625,3.23486328125,-0.30517578125,0.244140625,0.9883738839985162
763,-0.078125,-0.44140625,-0.87109375,3.11279296875,-0.18310546875,0.1220703125,0.9796669405737467
764,-0.0859375,-0.4453125,-0.8828125,3.0517578125,-0.06103515625,0.18310546875,0.9924950310801309
765,-0.078125,-0.46484375,-0.87890625,2.99072265625,0.0,0.06103515625,0.9973261371427729
766,-0.09375,-0.45703125,-0.87890625,3.0517578125,0.18310546875,0.0,0.9950592054072084
767,-0.1015625,-0.44921875,-0.87890625,3.0517578125,0.244140625,-0.06103515625,0.9922643917055952
768,-0.078125,-0.4453125,-0.8828125,3.11279296875,0.244140625,-0.1220703125,0.9918491056796391
769,-0.08203125,-0.4453125,-0.8828125,3.23486328125,0.244140625,-0.18310546875,0.9921644313263112
770,-0.0859375,-0.45703125,-0.88671875,3.41796875,0.244140625,-0.30517578125,1.001265678521128
771,-0.07421875,-0.46875,-0.87890625,3.5400390625,0.244140625,-0.42724609375,0.998854935233653
772,-0.09375,-0.44140625,-0.875,3.72314453125,0.30517578125,-0.48828125,0.9845067496157974
773,-0.09375,-0.44921875,-0.88671875,3.90625,0.244140625,-0.42724609375,0.9984271077315183
774,-0.0859375,-0.44921875,-0.8671875,4.08935546875,0.244140625,-0.48828125,0.9804064970276678
775,-0.08203125,-0.4453125,-0.87890625,4.21142578125,0.30517578125,-0.6103515625,0.9886903180075524
776,-0.08203125,-0.4453125,-0.8828125,4.5166015625,0.3662109375,-0.67138671875,0.9921644313263112
777,-0.08984375,-0.44921875,-0.89453125,4.638671875,0.42724609375,-0.67138671875,1.0050151949061206
778,-0.08984375,-0.46484375,-0.87109375,4.82177734375,0.48828125,-0.8544921875,0.9914413409865394
779,-0.08203125,-0.44921875,-0.88671875,4.94384765625,0.6103515625,-0.79345703125,0.9973949834091244
780,-0.08984375,-0.4453125,-0.875,5.126953125,0.6103515625,-0.79345703125,0.985900665417319
781,-0.07421875,-0.453125,-0.8828125,5.126953125,0.67138671875,-0.79345703125,0.9950822069722745
782,-0.08203125,-0.4453125,-0.8828125,5.18798828125,0.67138671875,-0.67138671875,0.9921644313263112
783,-0.08203125,-0.44140625,-0.87109375,5.2490234375,0.732421875,-0.732421875,0.9799861860274804
784,-0.08984375,-0.4453125,-0.87890625,5.2490234375,0.67138671875,-0.67138671875,0.9893691517120266
785,-0.09765625,-0.44140625,-0.875,5.18798828125,0.79345703125,-0.6103515625,0.9848863998975339
786,-0.08203125,-0.4296875,-0.8984375,5.18798828125,0.8544921875,-0.732421875,0.9992749446669132
787,-0.08203125,-0.4375,-0.8828125,5.06591796875,0.9765625,-0.732421875,0.9886826013098503
788,-0.10546875,-0.44921875,-0.86328125,5.06591796875,1.0986328125,-0.67138671875,0.9788644743679727
789,-0.046875,-0.453125,-0.87109375,5.0048828125,1.03759765625,-0.67138671875,0.9830177274795519
790,-0.08203125,-0.44921875,-0.87109375,5.0048828125,1.0986328125,-0.732421875,0.9835298331098998
791,-0.078125,-0.4609375,-0.8828125,5.0048828125,1.15966796875,-0.67138671875,0.9989618634800329
792,-0.08984375,-0.453125,-0.8828125,4.94384765625,1.220703125,-0.79345703125,0.9963694471406239
793,-0.08203125,-0.44921875,-0.87890625,4.8828125,1.3427734375,-0.79345703125,0.9904558584900124
794,-0.08984375,-0.453125,-0.87109375,4.82177734375,1.3427734375,-0.732421875,0.9860012608146731
795,-0.08984375,-0.453125,-0.875,4.7607421875,1.46484375,-0.6103515625,0.9894539731786732
796,-0.09765625,-0.4453125,-0.8671875,4.7607421875,1.40380859375,-0.6103515625,0.9797214532593244
797,-0.08203125,-0.4453125,-0.8828125,4.69970703125,1.40380859375,-0.732421875,0.9921644313263112
798,-0.09765625,-0.4453125,-0.88671875,4.69970703125,1.46484375,-0.732421875,0.9970507045390796
799,-0.09765625,-0.44140625,-0.87890625,4.69970703125,1.46484375,-0.79345703125,0.9883584456016893
800,-0.09765625,-0.453125,-0.8984375,4.69970703125,1.46484375,-0.8544921875,1.0109643664320282
801,-0.078125,-0.453125,-0.87890625,4.7607421875,1.46484375,-0.79345703125,0.9919183320914391
802,-0.08984375,-0.453125,-0.890625,4.94384765625,1.52587890625,-0.79345703125,1.0032980891360566
803,-0.07421875,-0.453125,-0.87109375,5.126953125,1.5869140625,-0.8544921875,0.9847004670282354
804,-0.0859375,-0.453125,-0.8828125,5.18798828125,1.5869140625,-0.91552734375,0.9960248137910521
805,-0.08203125,-0.4609375,-0.87890625,5.31005859375,1.64794921875,-0.9765625,0.9958256379366194
806,-0.0859375,-0.4609375,-0.88671875,5.43212890625,1.77001953125,-0.91552734375,1.003054721545172
807,-0.08984375,-0.44921875,-0.875,5.4931640625,1.8310546875,-0.9765625,0.9876711926373195
808,-0.07421875,-0.4609375,-0.8828125,5.615234375,1.8310546875,-0.91552734375,0.9986639634602135
809,-0.0859375,-0.4609375,-0.89453125,5.7373046875,2.01416015625,-0.732421875,1.0099677173251937
810,-0.0859375,-0.47265625,-0.875,5.79833984375,2.01416015625,-0.732421875,0.9982054821379777
811,-0.08984375,-0.46484375,-0.875,5.859375,2.01416015625,-0.67138671875,0.994875173741975
812,-0.06640625,-0.47265625,-0.87109375,5.9814453125,2.13623046875,-0.79345703125,0.9932864853566605
813,-0.0859375,-0.46484375,-0.875,6.16455078125,2.13623046875,-0.79345703125,0.9945300225836887
814,-0.08203125,-0.4609375,-0.87890625,6.4697265625,2.13623046875,-0.79345703125,0.9958256379366194
815,-0.08203125,-0.44921875,-0.8828125,6.591796875,2.0751953125,-0.8544921875,0.9939238006428738
816,-0.07421875,-0.4609375,-0.87890625,6.77490234375,2.0751953125,-0.91552734375,0.9952125391326594
817,-0.09375,-0.45703125,-0.875,6.8359375,1.953125,-1.03759765625,0.9916106221579932
818,-0.09375,-0.4453125,-0.87890625,6.9580078125,2.0751953125,-0.9765625,0.9897315198806758
819,-0.0859375,-0.4609375,-0.86328125,7.26318359375,2.01416015625,-0.9765625,0.9823966354859235
820,-0.08984375,-0.46875,-0.87109375,7.32421875,2.0751953125,-1.03759765625,0.9932788043661885
821,-0.09375,-0.4609375,-0.87109375,7.4462890625,2.0751953125,-1.15966796875,0.9899781627365891
822,-0.09765625,-0.4140625,-0.8828125,7.62939453125,2.01416015625,-1.15966796875,0.9799706154913843
823,-0.07421875,-0.4609375,-0.8828125,7.6904296875,2.0751953125,-1.0986328125,0.9986639634602135
824,-0.0703125,-0.45703125,-0.87890625,7.8125,2.0751953125,-1.15966796875,0.9931251720814829
825,-0.0859375,-0.453125,-0.87890625,7.9345703125,2.01416015625,-1.15966796875,0.9925642124418513
826,-0.0859375,-0.4453125,-0.8671875,7.9345703125,2.01416015625,-1.0986328125,0.978622826587828
827,-0.08203125,-0.4609375,-0.87890625,8.11767578125,2.01416015625,-1.220703125,0.9958256379366194
828,-0.08203125,-0.47265625,-0.87890625,8.23974609375,1.89208984375,-1.15966796875,1.0013037765482
829,-0.0703125,-0.4453125,-0.875,8.30078125,2.01416015625,-1.15966796875,0.9843129940788652
830,-0.078125,-0.46484375,-0.875,8.23974609375,1.953125,-1.15966796875,0.9938854197235527
831,-0.078125,-0.46484375,-0.88671875,8.23974609375,1.89208984375,-1.28173828125,1.0042177896953555
832,-0.08203125,-0.453125,-0.90234375,8.30078125,1.953125,-1.28173828125,1.0130526317845607
833,-0.078125,-0.4609375,-0.87109375,8.30078125,1.8310546875,-1.3427734375,0.9886208655598527
834,-0.07421875,-0.46484375,-0.87890625,8.23974609375,1.8310546875,-1.3427734375,0.9970277483875198
835,-0.078125,-0.45703125,-0.875,8.23974609375,1.8310546875,-1.3427734375,0.9902555625198792
836,-0.07421875,-0.4609375,-0.87109375,8.1787109375,1.89208984375,-1.28173828125,0.9883198485545431
837,-0.0859375,-0.453125,-0.87109375,8.1787109375,1.89208984375,-1.220703125,0.9856530022377614
838,-0.0703125,-0.45703125,-0.875,8.11767578125,1.8310546875,-1.220703125,0.9896698495623742
839,-0.078125,-0.453125,-0.8671875,8.056640625,1.953125,-1.220703125,0.9815497651195532
840,-0.07421875,-0.45703125,-0.875,7.9345703125,2.01416015625,-1.3427734375,0.9899550425792704
841,-0.07421875,-0.45703125,-0.85546875,7.9345703125,2.0751953125,-1.28173828125,0.9727346855924731
842,-0.07421875,-0.46484375,-0.88671875,7.87353515625,2.0751953125,-1.3427734375,1.0039214493012825
843,-0.0703125,-0.484375,-0.87109375,7.87353515625,2.197265625,-1.40380859375,0.9991833213031093
844,-0.078125,-0.46484375,-0.87890625,7.87353515625,2.25830078125,-1.15966796875,0.9973261371427729
845,-0.08203125,-0.4609375,-0.8671875,7.87353515625,2.25830078125,-1.220703125,0.985498181144472
846,-0.08203125,-0.46484375,-0.87890625,7.9345703125,2.3193359375,-1.220703125,0.9976397316565171
847,-0.0859375,-0.46484375,-0.8828125,7.87353515625,2.25830078125,-1.220703125,1.0014104433131115
848,-0.078125,-0.46875,-0.875,7.9345703125,2.25830078125,-1.15966796875,0.9957183728971761
849,-0.078125,-0.46484375,-0.8828125,8.056640625,2.25830078125,-1.220703125,1.0007702721880345
850,-0.078125,-0.46484375,-0.87890625,8.056640625,2.3193359375,-1.3427734375,0.9973261371427729
851,-0.0703125,-0.47265625,-0.87109375,8.1787109375,2.3193359375,-1.3427734375,0.9935552826135922
852,-0.09765625,-0.46875,-0.86328125,8.30078125,2.38037109375,-1.3427734375,0.98717669252552
853,-0.08984375,-0.45703125,-0.87890625,8.48388671875,2.38037109375,-1.40380859375,0.9946987781130967
854,-0.08984375,-0.4765625,-0.8515625,8.544921875,2.44140625,-1.40380859375,0.9799706154913843
855,-0.07421875,-0.48046875,-0.8671875,8.7890625,2.38037109375,-1.40380859375,0.9941694034390592
856,-0.08203125,-0.47265625,-0.8671875,8.9111328125,2.44140625,-1.46484375,0.9910334085170263
857,-0.06640625,-0.4765625,-0.88671875,9.033203125,2.38037109375,-1.40380859375,1.0088566538645989
858,-0.078125,-0.46875,-0.87890625,9.21630859375,2.50244140625,-1.40380859375,0.9991527783147393
859,-0.078125,-0.46875,-0.8671875,9.33837890625,2.50244140625,-1.28173828125,0.9888600701217791
860,-0.08203125,-0.47265625,-0.875,9.58251953125,2.5634765625,-1.28173828125,0.9978767742765762
861,-0.07421875,-0.4765625,-0.8515625,9.765625,2.5634765625,-1.28173828125,0.9786618060719763
862,-0.08203125,-0.46875,-0.85546875,9.94873046875,2.62451171875,-1.28173828125,0.9789190317401767
863,-0.0859375,-0.4765625,-0.86328125,10.19287109375,2.62451171875,-1.3427734375,0.9898240181537638
864,-0.07421875,-0.4609375,-0.875,10.43701171875,2.74658203125,-1.40380859375,0.9917644890586739
865,-0.08203125,-0.48828125,-0.8828125,10.6201171875,2.8076171875,-1.28173828125,1.0121786478850336
866,-0.0703125,-0.46875,-0.8671875,10.8642578125,2.8076171875,-1.3427734375,0.9882735301081882
867,-0.0703125,-0.4765625,-0.8671875,10.986328125,2.8076171875,-1.28173828125,0.9920029355897845
868,-0.07421875,-0.484375,-0.86328125,11.16943359375,2.74658203125,-1.3427734375,0.9926641325635398
869,-0.078125,-0.484375,-0.8671875,11.3525390625,2.74658203125,-1.40380859375,0.9963617899168203
870,-0.07421875,-0.48046875,-0.8828125,11.41357421875,2.685546875,-1.3427734375,1.0078276403901487
871,-0.0546875,-0.5,-0.84765625,11.5966796875,2.74658203125,-1.3427734375,0.9856530022377614
872,-0.0625,-0.4921875,-0.87109375,11.65771484375,2.685546875,-1.46484375,1.0024764867293958
873,-0.0703125,-0.4921875,-0.84765625,11.8408203125,2.74658203125,-1.3427734375,0.9827072305506673
874,-0.08203125,-0.4921875,-0.86328125,11.962890625,2.74658203125,-1.3427734375,0.9971119183594062
875,-0.07421875,-0.48828125,-0.875,12.20703125,2.74658203125,-1.3427734375,1.0047646500316008
876,-0.0625,-0.484375,-0.875,12.39013671875,2.74658203125,-1.40380859375,1.0020730465514978
877,-0.0703125,-0.49609375,-0.86328125,12.5732421875,2.8076171875,-1.40380859375,0.9981519789325045
878,-0.0703125,-0.484375,-0.87109375,12.6953125,2.8076171875,-1.52587890625,0.9991833213031093
879,-0.07421875,-0.48828125,-0.85546875,12.8173828125,2.86865234375,-1.708984375,0.9878025026186599
880,-0.06640625,-0.49609375,-0.859375,12.87841796875,2.9296875,-1.708984375,0.9945070082473653
881,-0.078125,-0.484375,-0.859375,13.00048828125,2.99072265625,-1.64794921875,0.9895696270980633
882,-0.07421875,-0.4921875,-0.859375,12.939453125,2.99072265625,-1.8310546875,0.9931174898433782
883,-0.0703125,-0.49609375,-0.86328125,12.87841796875,3.11279296875,-1.64794921875,0.9981519789325045
884,-0.078125,-0.48828125,-0.87109375,12.75634765625,3.11279296875,-1.5869140625,1.001661827173036
885,-0.05859375,-0.51171875,-0.83984375,12.6953125,3.23486328125,-1.46484375,0.9852039540393083
886,-0.078125,-0.4921875,-0.859375,12.63427734375,3.2958984375,-1.46484375,0.9934170531082351
887,-0.07421875,-0.5,-0.859375,12.5732421875,3.5400390625,-1.46484375,0.9970124439928333
888,-0.06640625,-0.5,-0.859375,12.51220703125,3.5400390625,-1.3427734375,0.9964613292366455
889,-0.0625,-0.5,-0.859375,12.5732421875,3.72314453125,-1.3427734375,0.9962086330809425
890,-0.0625,-0.5,-0.85546875,12.6953125,3.90625,-1.220703125,0.9928408896830159
891,-0.0625,-0.50390625,-0.84765625,13.00048828125,3.90625,-1.28173828125,0.9881036772288245
892,-0.0703125,-0.50390625,-0.8515625,13.3056640625,4.0283203125,-1.220703125,0.9919798626240164
893,-0.07421875,-0.49609375,-0.85546875,13.61083984375,4.150390625,-1.220703125,0.9916875585925173
894,-0.0703125,-0.5,-0.8515625,13.916015625,4.2724609375,-1.3427734375,0.9900012823539674
895,-0.07421875,-0.5078125,-0.8671875,14.16015625,4.33349609375,-1.220703125,1.0076686549476779
896,-0.0625,-0.50390625,-0.84375,14.46533203125,4.2724609375,-1.3427734375,0.9847547010748731
897,-0.07421875,-0.4921875,-0.8515625,14.6484375,4.21142578125,-1.220703125,0.9863648662711292
898,-0.09765625,-0.49609375,-0.85546875,14.83154296875,4.21142578125,-1.3427734375,0.9937165260675136
899,-0.05859375,-0.5,-0.85546875,14.95361328125,4.150390625,-1.28173828125,0.9926026444482329
900,-0.07421875,-0.5,-0.8515625,15.0146484375,4.150390625,-1.28173828125,0.9902863799213905
901,-0.06640625,-0.5078125,-0.85546875,15.07568359375,4.0283203125,-1.15966796875,0.9970507045390796
902,-0.06640625,-0.50390625,-0.8515625,15.07568359375,4.0283203125,-1.28173828125,0.9917106383589797
903,-0.06640625,-0.5,-0.83984375,15.0146484375,3.96728515625,-1.3427734375,0.9796669405737467
904,-0.0625,-0.515625,-0.83984375,14.83154296875,4.0283203125,-1.3427734375,0.9874780580038538
905,-0.05859375,-0.5078125,-0.84765625,14.892578125,4.0283203125,-1.3427734375,0.9898625565498349
906,-0.06640625,-0.50390625,-0.84765625,14.95361328125,4.0283203125,-1.46484375,0.9883584456016893
907,-0.08203125,-0.51953125,-0.84375,15.07568359375,3.96728515625,-1.5869140625,0.9942614888464327
908,-0.06640625,-0.51171875,-0.8515625,15.13671875,3.96728515625,-1.64794921875,0.9957030483768115
909,-0.05859375,-0.54296875,-0.828125,15.19775390625,3.96728515625,-1.708984375,0.9919875536722348
910,-0.0625,-0.5078125,-0.83203125,15.19775390625,3.96728515625,-1.5869140625,0.9767577929726553
911,-0.06640625,-0.51953125,-0.84375,15.19775390625,3.90625,-1.46484375,0.9930944427725014
912,-0.05859375,-0.515625,-0.8515625,15.2587890625,3.84521484375,-1.52587890625,0.9972266841447397
913,-0.06640625,-0.5078125,-0.8515625,15.19775390625,3.84521484375,-1.40380859375,0.9937011706753507
914,-0.06640625,-0.51171875,-0.84765625,15.13671875,3.7841796875,-1.3427734375,0.9923643420159188
915,-0.0546875,-0.51171875,-0.83984375,15.07568359375,3.7841796875,-1.46484375,0.9849793531703469
916,-0.05078125,-0.51953125,-0.8359375,15.0146484375,3.7841796875,-1.46484375,0.9855368886979193
917,-0.05859375,-0.515625,-0.828125,14.95361328125,3.96728515625,-1.52587890625,0.9772887924196524
918,-0.06640625,-0.51171875,-0.82421875,14.83154296875,4.0283203125,-1.52587890625,0.972420905262833
919,-0.06640625,-0.52734375,-0.83984375,14.70947265625,4.0283203125,-1.46484375,0.9939007722691373
920,-0.05078125,-0.5390625,-0.828125,14.7705078125,4.08935546875,-1.46484375,0.9894231298503247
921,-0.0625,-0.5234375,-0.83203125,14.83154296875,4.2724609375,-1.52587890625,0.9849716073993262
922,-0.046875,-0.5390625,-0.83203125,14.70947265625,4.33349609375,-1.46484375,0.9925027181362339
923,-0.0703125,-0.52734375,-0.83203125,14.70947265625,4.45556640625,-1.52587890625,0.9875784927269705
924,-0.0625,-0.53515625,-0.83203125,14.7705078125,4.33349609375,-1.52587890625,0.9912489409278705
925,-0.0625,-0.53515625,-0.84375,14.892578125,4.39453125,-1.5869140625,1.001105650974992
926,-0.05078125,-0.546875,-0.83984375,15.0146484375,4.2724609375,-1.5869140625,1.003488178998948
927,-0.0625,-0.54296875,-0.828125,15.44189453125,4.21142578125,-1.708984375,0.9922259465976297
928,-0.06640625,-0.54296875,-0.83984375,15.7470703125,4.08935546875,-1.8310546875,1.002278592971878
929,-0.0703125,-0.5390625,-0.8359375,16.05224609375,3.90625,-1.8310546875,0.9971578262585868
930,-0.09375,-0.52734375,-0.859375,16.6015625,3.60107421875,-1.77001953125,1.0126232684414587
931,-0.06640625,-0.53515625,-0.8359375,17.2119140625,3.47900390625,-1.89208984375,0.9947831451423848
932,-0.05859375,-0.54296875,-0.83203125,17.7001953125,3.23486328125,-1.953125,0.9952508688728624
933,-0.05078125,-0.55078125,-0.83203125,18.37158203125,3.0517578125,-2.01416015625,0.9991069620814818
934,-0.04296875,-0.5546875,-0.83203125,19.10400390625,2.74658203125,-2.0751953125,1.0008998636773685
935,-0.07421875,-0.54296875,-0.8359375,19.8974609375,2.5634765625,-2.197265625,0.9995573971685543
936,-0.05859375,-0.5390625,-0.8359375,20.5078125,2.3193359375,-2.25830078125,0.996400075447389
937,-0.0625,-0.55078125,-0.82421875,21.05712890625,2.197265625,-2.3193359375,0.9932788043661885
938,-0.0703125,-0.54296875,-0.8359375,21.6064453125,2.0751953125,-2.44140625,0.9992749446669132
939,-0.05859375,-0.55078125,-0.83203125,22.03369140625,1.89208984375,-2.44140625,0.9995344985878114
940,-0.0703125,-0.53125,-0.84375,22.4609375,1.64794921875,-2.5634765625,0.9995421315063463
941,-0.09765625,-0.54296875,-0.83984375,22.5830078125,1.52587890625,-2.62451171875,1.0048329866473769
942,-0.06640625,-0.546875,-0.82421875,22.76611328125,1.3427734375,-2.74658203125,0.9913720812669807
943,-0.0703125,-0.546875,-0.81640625,22.94921875,1.28173828125,-2.8076171875,0.9851574890951763
944,-0.07421875,-0.54296875,-0.828125,23.13232421875,1.15966796875,-2.99072265625,0.993032981301792
945,-0.05859375,-0.55859375,-0.8125,23.3154296875,1.220703125,-3.173828125,0.9877329877442208
946,-0.0546875,-0.54296875,-0.828125,23.5595703125,1.220703125,-3.23486328125,0.9917644890586739
947,-0.05078125,-0.5546875,-0.80859375,23.86474609375,1.3427734375,-3.41796875,0.9818761686418889
948,-0.046875,-0.57421875,-0.79296875,24.10888671875,1.52587890625,-3.5400390625,0.9801652294144723
949,-0.04296875,-0.55078125,-0.81640625,24.59716796875,1.77001953125,-3.72314453125,0.9857613625351662
950,-0.0390625,-0.57421875,-0.8203125,24.90234375,1.953125,-3.7841796875,1.002080660133735
951,-0.03125,-0.56640625,-0.828125,25.390625,2.13623046875,-3.90625,1.0037846473044219
952,-0.05078125,-0.578125,-0.83203125,25.87890625,2.3193359375,-3.96728515625,1.014437406621584
953,-0.03515625,-0.56640625,-0.81640625,26.30615234375,2.5634765625,-3.96728515625,0.9942691622454091
954,-0.0390625,-0.5703125,-0.80078125,26.611328125,2.86865234375,-4.0283203125,0.983886597588392
955,-0.03515625,-0.5703125,-0.81640625,27.099609375,3.11279296875,-4.0283203125,0.9964996109429121
956,-0.0390625,-0.58203125,-0.81640625,27.52685546875,3.47900390625,-3.84521484375,1.0033969403590361
957,-0.046875,-0.5703125,-0.81640625,27.9541015625,3.60107421875,-3.72314453125,0.9969818344986595
958,-0.046875,-0.57421875,-0.80078125,28.564453125,3.84521484375,-3.5400390625,0.9864963501342137
959,-0.05078125,-0.58203125,-0.8125,29.052734375,4.0283203125,-3.47900390625,1.0007474013596662
960,-0.0546875,-0.58203125,-0.80859375,29.541015625,4.150390625,-3.2958984375,0.9977850225233265
961,-0.05859375,-0.58203125,-0.80078125,30.09033203125,4.21142578125,-3.173828125,0.9916875585925173
962,-0.046875,-0.578125,-0.7890625,30.70068359375,4.2724609375,-2.86865234375,0.9793086388653222
963,-0.05859375,-0.5859375,-0.80078125,31.3720703125,4.2724609375,-2.8076171875,0.9939852070312087
964,-0.05859375,-0.59765625,-0.79296875,32.04345703125,4.2724609375,-2.685546875,0.9946987781130967
965,-0.05078125,-0.6015625,-0.796875,32.53173828125,4.39453125,-2.62451171875,0.9997329355296906
966,-0.046875,-0.609375,-0.80859375,33.14208984375,4.5166015625,-2.685546875,1.0135871984141585
967,-0.05078125,-0.59375,-0.796875,33.75244140625,4.638671875,-2.62451171875,0.9950515381006968
968,-0.03125,-0.609375,-0.79296875,34.3017578125,4.7607421875,-2.74658203125,1.0005567907927877
969,-0.05078125,-0.6015625,-0.80078125,34.97314453125,4.8828125,-2.9296875,1.0028493342019902
970,-0.0546875,-0.59765625,-0.78125,35.5224609375,4.94384765625,-3.0517578125,0.9851574890951763
971,-0.0546875,-0.609375,-0.78515625,35.94970703125,4.94384765625,-3.2958984375,0.9953888437165209
972,-0.03515625,-0.625,-0.79296875,36.31591796875,4.94384765625,-3.35693359375,1.0102773878448557
973,-0.0546875,-0.60546875,-0.78515625,36.68212890625,5.06591796875,-3.47900390625,0.9930022491398874
974,-0.046875,-0.60546875,-0.796875,37.04833984375,5.06591796875,-3.47900390625,1.0018979181915504
975,-0.03515625,-0.62109375,-0.796875,37.4755859375,5.06591796875,-3.60107421875,1.0109417262276421
976,-0.0390625,-0.62109375,-0.78515625,38.0859375,4.94384765625,-3.60107421875,1.0018750731051127
977,-0.046875,-0.60546875,-0.78515625,38.818359375,4.7607421875,-3.7841796875,0.9926026444482329
978,-0.03125,-0.62890625,-0.78515625,39.306640625,4.638671875,-3.84521484375,1.0064640931017486
979,-0.04296875,-0.62890625,-0.77734375,39.97802734375,4.57763671875,-3.7841796875,1.0008160122768257
980,-0.05078125,-0.64453125,-0.78125,40.58837890625,4.57763671875,-3.72314453125,1.014076343318453
981,-0.046875,-0.63671875,-0.76171875,41.32080078125,4.45556640625,-3.662109375,0.9938930960259886
982,-0.046875,-0.64453125,-0.76171875,42.05322265625,4.21142578125,-3.84521484375,0.9989160384902852
983,-0.03125,-0.65234375,-0.765625,42.78564453125,4.08935546875,-3.90625,1.0063352181500271
984,-0.05078125,-0.65625,-0.75390625,43.64013671875,3.96728515625,-3.90625,1.000808389073865
985,-0.0390625,-0.66796875,-0.76953125,44.677734375,3.72314453125,-4.08935546875,1.0197482407973917
986,-0.05078125,-0.66015625,-0.75,45.71533203125,3.41796875,-4.150390625,1.0004424070208264
987,-0.0625,-0.6796875,-0.74609375,46.5087890625,3.35693359375,-4.150390625,1.0112058304051221
988,-0.0546875,-0.6796875,-0.765625,47.607421875,3.173828125,-4.150390625,1.0252548273173359
989,-0.04296875,-0.6796875,-0.74609375,48.52294921875,3.173828125,-4.08935546875,1.0101867623968723
990,-0.06640625,-0.67578125,-0.734375,49.4384765625,3.23486328125,-4.150390625,1.0001983445875249
991,-0.0546875,-0.68359375,-0.734375,50.23193359375,3.2958984375,-4.08935546875,1.0047874294199308
992,-0.05078125,-0.703125,-0.75,50.9033203125,3.41796875,-3.90625,1.0293024341643044
993,-0.05078125,-0.7109375,-0.75,51.81884765625,3.2958984375,-3.84521484375,1.0346549493709545
994,-0.0546875,-0.70703125,-0.73046875,52.734375,3.173828125,-3.662109375,1.0180709728989306
995,-0.0390625,-0.70703125,-0.74609375,53.52783203125,3.173828125,-3.5400390625,1.0286277028992925
996,-0.04296875,-0.72265625,-0.69921875,54.38232421875,3.2958984375,-3.41796875,1.0064716734673598
997,-0.046875,-0.7109375,-0.73828125,55.11474609375,3.41796875,-3.35693359375,1.0260061396662363
998,-0.04296875,-0.71484375,-0.73828125,56.0302734375,3.5400390625,-3.2958984375,1.028546111991187
999,-0.0234375,-0.7265625,-0.73046875,56.884765625,3.7841796875,-3.23486328125,1.0305469312646864
1000,-0.02734375,-0.72265625,-0.71484375,57.67822265625,3.90625,-3.35693359375,1.0168487219061582
1001,-0.0234375,-0.73046875,-0.71875,58.65478515625,3.96728515625,-3.41796875,1.0250538881604285
1002,-0.0390625,-0.7265625,-0.72265625,59.63134765625,4.150390625,-3.5400390625,1.0255003661513546
1003,-0.015625,-0.7265625,-0.7265625,60.546875,4.39453125,-3.5400390625,1.0276333360870986
1004,-0.03515625,-0.73828125,-0.71875,61.767578125,4.638671875,-3.72314453125,1.0309688300407656
1005,-0.0078125,-0.75,-0.69921875,63.232421875,4.8828125,-3.84521484375,1.0254110861053787
1006,-0.01953125,-0.7578125,-0.67578125,65.12451171875,5.126953125,-3.90625,1.0155498770293732
1007,-0.03515625,-0.76953125,-0.6796875,67.3828125,5.4931640625,-3.96728515625,1.027321470766028
1008,-0.015625,-0.76171875,-0.6953125,69.82421875,5.859375,-4.0283203125,1.0314645255086636
1009,-0.0078125,-0.7734375,-0.6640625,72.57080078125,6.28662109375,-3.84521484375,1.0194339632701817
1010,-0.0078125,-0.76953125,-0.66015625,75.439453125,6.89697265625,-3.60107421875,1.013925862327653
1011,-0.015625,-0.765625,-0.6640625,78.18603515625,7.62939453125,-3.2958984375,1.013609779528715
1012,-0.01953125,-0.76953125,-0.640625,80.62744140625,8.4228515625,-2.9296875,1.001479008805539
1013,-0.01171875,-0.78515625,-0.63671875,83.55712890625,9.09423828125,-2.50244140625,1.010949273018774
1014,-0.015625,-0.80078125,-0.62890625,86.9140625,9.6435546875,-2.3193359375,1.0183407201254524
1015,-0.015625,-0.82421875,-0.59375,90.8203125,9.82666015625,-2.38037109375,1.0159329461025282
1016,-0.015625,-0.8359375,-0.56640625,95.458984375,9.82666015625,-2.50244140625,1.0098770640876604
1017,0.00390625,-0.8515625,-0.5703125,100.40283203125,9.521484375,-2.8076171875,1.024905018941542
1018,-0.01171875,-0.84375,-0.6015625,105.1025390625,9.21630859375,-3.23486328125,1.036305376328721
1019,-0.02734375,-0.83203125,-0.61328125,109.06982421875,9.09423828125,-3.60107421875,1.0339910895371331
1020,-0.02734375,-0.8359375,-0.625,112.3046875,9.1552734375,-3.72314453125,1.0441092780788381
1021,-0.0234375,-0.83203125,-0.6328125,114.8681640625,9.6435546875,-3.662109375,1.0455988607200482
1022,-0.09375,-0.84765625,-0.6484375,117.1875,10.1318359375,-3.7841796875,1.0713455894669621
